一般化座標VAE潜在表現サマリー
==================================================

データ数: 210
被験者数: 6
エキスパート率: 50.0%

z_style (16次元):
       z_style_dim0  z_style_dim1  z_style_dim2  z_style_dim3  z_style_dim4  z_style_dim5  z_style_dim6  z_style_dim7  z_style_dim8  z_style_dim9  z_style_dim10  z_style_dim11  z_style_dim12  z_style_dim13  z_style_dim14  z_style_dim15
count    210.000000    210.000000    210.000000    210.000000    210.000000    210.000000    210.000000    210.000000    210.000000    210.000000     210.000000     210.000000     210.000000     210.000000     210.000000     210.000000
mean       0.113548     -0.030546     -0.090490     -0.041210     -0.053519      0.006155     -0.065696      0.207267     -0.086769     -0.005416      -0.089714      -0.081467       0.069845      -0.095984      -0.129338       0.002389
std        1.020359      0.995689      0.947664      0.905094      0.972672      1.052647      0.956955      1.076340      1.110863      0.953540       1.054571       1.093181       0.912275       1.017393       0.982482       1.011875
min       -2.151144     -2.544118     -3.197273     -2.775684     -2.586755     -3.409041     -3.030946     -3.573070     -3.114262     -2.825038      -3.020858      -2.889411      -2.169660      -2.962597      -3.282107      -2.104725
25%       -0.596914     -0.764288     -0.689221     -0.561021     -0.651156     -0.695794     -0.757576     -0.609196     -0.806143     -0.675510      -0.743618      -0.879563      -0.622867      -0.768160      -0.748188      -0.775876
50%        0.082167      0.019872     -0.021483     -0.071371     -0.047469      0.025755     -0.050675      0.167843     -0.101040      0.160339      -0.148226      -0.059667       0.038976      -0.038006      -0.148836       0.010512
75%        0.843433      0.636731      0.493838      0.532497      0.608419      0.696818      0.565195      1.003878      0.623377      0.604775       0.604596       0.826029       0.652476       0.600873       0.510163       0.700671
max        3.432794      2.344123      2.394712      2.305286      3.623243      2.702301      3.242558      3.101464      2.966830      2.947395       2.781146       2.389925       3.240012       2.800819       2.998320       3.440959

z_skill (32次元):
       z_skill_dim0  z_skill_dim1  z_skill_dim2  z_skill_dim3  z_skill_dim4  z_skill_dim5  z_skill_dim6  z_skill_dim7  z_skill_dim8  z_skill_dim9  z_skill_dim10  z_skill_dim11  z_skill_dim12  z_skill_dim13  z_skill_dim14  z_skill_dim15  z_skill_dim16  z_skill_dim17  z_skill_dim18  z_skill_dim19  z_skill_dim20  z_skill_dim21  z_skill_dim22  z_skill_dim23  z_skill_dim24  z_skill_dim25  z_skill_dim26  z_skill_dim27  z_skill_dim28  z_skill_dim29  z_skill_dim30  z_skill_dim31
count    210.000000    210.000000    210.000000    210.000000    210.000000    210.000000    210.000000    210.000000    210.000000    210.000000     210.000000     210.000000     210.000000     210.000000     210.000000     210.000000     210.000000     210.000000     210.000000     210.000000     210.000000     210.000000     210.000000     210.000000     210.000000     210.000000     210.000000     210.000000     210.000000     210.000000     210.000000     210.000000
mean      -0.030154     -0.101952     -0.041995     -0.048615      0.034282      0.048538      0.087279     -0.004649     -0.028455      0.022484      -0.035566      -0.116683       0.049912       0.122224       0.057426       0.026599       0.079226       0.052237       0.085169      -0.032009       0.073496      -0.091845       0.179361      -0.036406      -0.134690      -0.029366       0.006228      -0.054039       0.028566      -0.081703      -0.025278      -0.036322
std        0.964557      1.007670      1.072639      0.912568      0.912678      1.029022      0.953720      1.106683      1.025565      1.003340       1.008150       0.996636       1.004094       1.007315       1.038439       1.042085       0.973157       1.120344       0.959775       0.992050       0.988385       0.927393       1.083556       0.957755       0.941781       1.022724       1.078128       0.992563       0.957604       0.944380       0.944245       0.956091
min       -2.428323     -2.442155     -2.913326     -2.370657     -1.949186     -2.533881     -2.435486     -3.087755     -3.125703     -3.009927      -2.346884      -3.202527      -2.254968      -2.573960      -2.405765      -2.470314      -2.686754      -3.033487      -2.968091      -2.482424      -3.076588      -2.996084      -3.458457      -2.396389      -2.910990      -2.840045      -2.538672      -2.529029      -2.847352      -2.168271      -2.671754      -2.838190
25%       -0.642441     -0.815359     -0.783833     -0.646663     -0.630704     -0.621342     -0.486135     -0.799452     -0.730218     -0.580260      -0.788766      -0.765026      -0.574813      -0.586664      -0.680880      -0.831668      -0.536273      -0.692387      -0.573064      -0.688325      -0.686693      -0.695853      -0.536960      -0.585073      -0.769650      -0.766652      -0.685752      -0.704250      -0.581509      -0.645876      -0.567832      -0.703487
50%       -0.035285     -0.051619     -0.039771     -0.082146      0.026245      0.035241      0.043027     -0.053998     -0.119847      0.035076      -0.074124      -0.140656       0.035696       0.157677       0.049424       0.120440       0.051718       0.020327       0.152682      -0.077948       0.148405      -0.156407       0.282015      -0.024607      -0.217409      -0.112760      -0.016118      -0.111834      -0.016782      -0.138577      -0.072129      -0.037082
75%        0.559361      0.527655      0.635344      0.541475      0.710378      0.738693      0.650159      0.772393      0.600279      0.706761       0.662917       0.573082       0.676573       0.883518       0.770795       0.714663       0.712614       0.775763       0.717775       0.611521       0.708745       0.521792       0.795513       0.598426       0.563583       0.687811       0.644168       0.532408       0.721347       0.570035       0.500572       0.595020
max        3.127028      2.143709      2.848865      2.469018      2.175108      2.650301      2.835464      2.725656      2.717832      2.070138       3.231895       2.488674       2.433248       2.502321       3.141066       2.834250       2.844604       2.699904       2.502989       3.685890       2.559380       2.355639       3.166023       2.283504       2.565793       3.011717       4.050138       2.382476       3.203309       2.164845       2.674891       2.614425

z_primitive (64次元):
       z_primitive_dim0  z_primitive_dim1  z_primitive_dim2  z_primitive_dim3  z_primitive_dim4  z_primitive_dim5  z_primitive_dim6  z_primitive_dim7  z_primitive_dim8  z_primitive_dim9  z_primitive_dim10  z_primitive_dim11  z_primitive_dim12  z_primitive_dim13  z_primitive_dim14  z_primitive_dim15  z_primitive_dim16  z_primitive_dim17  z_primitive_dim18  z_primitive_dim19  z_primitive_dim20  z_primitive_dim21  z_primitive_dim22  z_primitive_dim23  z_primitive_dim24  z_primitive_dim25  z_primitive_dim26  z_primitive_dim27  z_primitive_dim28  z_primitive_dim29  z_primitive_dim30  z_primitive_dim31  z_primitive_dim32  z_primitive_dim33  z_primitive_dim34  z_primitive_dim35  z_primitive_dim36  z_primitive_dim37  z_primitive_dim38  z_primitive_dim39  z_primitive_dim40  z_primitive_dim41  z_primitive_dim42  z_primitive_dim43  z_primitive_dim44  z_primitive_dim45  z_primitive_dim46  z_primitive_dim47  z_primitive_dim48  z_primitive_dim49  z_primitive_dim50  z_primitive_dim51  z_primitive_dim52  z_primitive_dim53  z_primitive_dim54  z_primitive_dim55  z_primitive_dim56  z_primitive_dim57  z_primitive_dim58  z_primitive_dim59  z_primitive_dim60  z_primitive_dim61  z_primitive_dim62  z_primitive_dim63
count        210.000000        210.000000        210.000000        210.000000        210.000000        210.000000        210.000000        210.000000        210.000000        210.000000         210.000000         210.000000         210.000000         210.000000         210.000000         210.000000         210.000000         210.000000         210.000000         210.000000         210.000000         210.000000         210.000000         210.000000         210.000000         210.000000         210.000000         210.000000         210.000000         210.000000         210.000000         210.000000         210.000000         210.000000         210.000000         210.000000         210.000000         210.000000         210.000000         210.000000         210.000000         210.000000         210.000000         210.000000         210.000000         210.000000         210.000000         210.000000         210.000000         210.000000         210.000000         210.000000         210.000000         210.000000         210.000000         210.000000         210.000000         210.000000         210.000000         210.000000         210.000000         210.000000         210.000000         210.000000
mean           0.069864          0.026882          0.007375          0.002949         -0.028097          0.067037         -0.012705         -0.005330          0.024294          0.006998           0.058298          -0.002737           0.006898           0.071016          -0.038082           0.003357           0.032665           0.035594           0.053732          -0.029254          -0.052597          -0.004168          -0.002206          -0.014007           0.028994          -0.020997           0.020211           0.014127          -0.017014          -0.072687          -0.047888          -0.005926          -0.032288           0.007725          -0.015885          -0.003808          -0.069132          -0.011286          -0.063601           0.043745           0.001328           0.009260          -0.042391           0.002722           0.008720           0.013285          -0.003270          -0.023806           0.016922           0.056242          -0.027286           0.004779          -0.009245           0.008698          -0.077150           0.019378           0.051463           0.040460          -0.022861           0.000736          -0.015089          -0.037788           0.041009          -0.016881
std            0.468986          0.489753          0.458435          0.441958          0.434172          0.416901          0.460215          0.445091          0.450713          0.438002           0.407371           0.477233           0.457861           0.428628           0.476097           0.446686           0.448098           0.461607           0.454313           0.460259           0.442482           0.475628           0.441278           0.457074           0.423360           0.452981           0.437629           0.466928           0.428987           0.466358           0.411057           0.513101           0.426041           0.466139           0.484045           0.465469           0.400927           0.441313           0.435130           0.476186           0.451332           0.435426           0.458901           0.425730           0.417403           0.464567           0.440915           0.444815           0.433295           0.434279           0.518800           0.507441           0.451385           0.442843           0.444564           0.464182           0.456788           0.414260           0.462486           0.482093           0.494372           0.427156           0.443932           0.461646
min           -1.032082         -1.429472         -1.366173         -1.169828         -0.965872         -1.241529         -1.346240         -1.471259         -1.063908         -1.228010          -1.023346          -1.294619          -1.101234          -1.197012          -1.599662          -1.478708          -0.895623          -1.332557          -1.147537          -1.200455          -1.040240          -1.158818          -1.123651          -0.947361          -1.043155          -1.259910          -1.045569          -1.329200          -1.582466          -1.283946          -1.435108          -1.368811          -1.148193          -1.376237          -1.625193          -1.510399          -1.375542          -1.259269          -1.191944          -1.574727          -1.300200          -1.127479          -1.028069          -1.140505          -1.207656          -1.213299          -1.097986          -1.227579          -1.213617          -1.090796          -1.194014          -1.603716          -1.310350          -1.282050          -1.073159          -1.103820          -1.338467          -1.006429          -0.973326          -1.576673          -1.908812          -1.537918          -1.164432          -1.124924
25%           -0.226047         -0.295221         -0.279933         -0.268872         -0.339031         -0.195013         -0.337034         -0.286711         -0.252554         -0.325813          -0.202954          -0.329075          -0.303591          -0.246272          -0.325723          -0.259568          -0.288760          -0.251640          -0.207575          -0.321239          -0.393599          -0.310610          -0.300517          -0.324309          -0.244513          -0.330001          -0.230136          -0.314287          -0.273650          -0.374609          -0.284455          -0.379776          -0.342456          -0.259695          -0.314722          -0.346644          -0.332297          -0.352515          -0.353653          -0.246618          -0.255299          -0.250979          -0.353448          -0.300237          -0.258428          -0.273562          -0.301114          -0.306913          -0.330841          -0.265008          -0.409303          -0.301122          -0.301784          -0.286356          -0.394151          -0.278914          -0.207798          -0.243328          -0.334412          -0.303996          -0.301670          -0.308241          -0.266150          -0.337454
50%            0.036745         -0.016822          0.019093         -0.017014         -0.046691          0.053913         -0.011926         -0.011515          0.039040         -0.009330           0.049866          -0.012637           0.007116           0.044275          -0.062961           0.029822           0.019979           0.045802           0.092702          -0.050682          -0.077457          -0.050346           0.019374           0.015756           0.060934          -0.028897           0.012324           0.019785          -0.001518          -0.046641          -0.013511           0.035997          -0.044163          -0.041566           0.019490          -0.001055          -0.069831          -0.010117          -0.101012           0.066306          -0.020323          -0.005426          -0.026834           0.025272           0.054461           0.006725          -0.022667          -0.025938           0.043161           0.071617          -0.026376           0.033839          -0.012813           0.045544          -0.074789           0.014650           0.063877           0.024216          -0.038818          -0.017156          -0.014143          -0.020048           0.037896           0.006888
75%            0.399984          0.345880          0.314453          0.288488          0.246279          0.360876          0.315650          0.254789          0.296959          0.325008           0.351308           0.283758           0.270091           0.353519           0.294164           0.317801           0.303403           0.326810           0.333639           0.318486           0.252875           0.355396           0.247177           0.263821           0.337701           0.255370           0.283925           0.335217           0.236521           0.272577           0.211781           0.378029           0.271940           0.278396           0.302580           0.296852           0.193458           0.289058           0.246065           0.337823           0.287047           0.332649           0.269079           0.287653           0.258326           0.309866           0.217207           0.234592           0.309877           0.419745           0.344236           0.298430           0.287980           0.290119           0.232295           0.305247           0.357786           0.316210           0.248065           0.311628           0.350317           0.234055           0.344003           0.285163
max            1.298155          1.254349          1.220714          1.257405          1.282968          1.068086          1.182254          1.272153          1.392916          1.350646           1.135015           1.409733           1.112056           1.241535           1.387483           1.442874           1.649267           1.168662           1.596714           1.370150           1.119369           1.204247           1.741776           1.331641           1.180190           1.378402           2.046713           1.240543           1.273775           1.084247           1.058381           1.175705           1.183781           1.674433           1.501359           1.100036           1.175373           1.088776           1.098151           1.298231           1.343621           1.028504           1.219188           1.012923           1.447428           1.218028           1.232749           1.379419           1.150234           1.029431           1.156681           1.376842           1.116883           1.274281           1.450260           1.443858           1.073953           1.313179           1.246191           1.538773           1.200260           1.084045           1.276348           1.270679

