階層型VAE潜在表現サマリー
==================================================

データ数: 210
被験者数: 6
エキスパート率: 50.0%

z_style (8次元):
       z_style_dim0  z_style_dim1  z_style_dim2  z_style_dim3  z_style_dim4  z_style_dim5  z_style_dim6  z_style_dim7
count    210.000000    210.000000    210.000000    210.000000    210.000000    210.000000    210.000000    210.000000
mean      -0.072531      0.082673      0.011497      0.027563     -0.067745     -0.124033     -0.011478      0.049786
std        1.033737      0.943135      1.194775      0.940181      0.993063      0.982296      0.989477      0.944924
min       -3.093522     -2.908730     -3.239346     -2.243594     -2.963045     -2.787073     -2.438522     -2.437133
25%       -0.846606     -0.615589     -0.817363     -0.550063     -0.698028     -0.704413     -0.640927     -0.542611
50%       -0.139327      0.117395      0.089837     -0.033847     -0.080402     -0.209063      0.111275      0.013971
75%        0.728743      0.750227      0.897453      0.623548      0.515999      0.590818      0.669788      0.722075
max        2.391661      3.530647      2.897026      2.846352      2.492977      3.064774      2.588282      2.551738

z_skill (16次元):
       z_skill_dim0  z_skill_dim1  z_skill_dim2  z_skill_dim3  z_skill_dim4  z_skill_dim5  z_skill_dim6  z_skill_dim7  z_skill_dim8  z_skill_dim9  z_skill_dim10  z_skill_dim11  z_skill_dim12  z_skill_dim13  z_skill_dim14  z_skill_dim15
count    210.000000    210.000000    210.000000    210.000000    210.000000    210.000000    210.000000    210.000000    210.000000    210.000000     210.000000     210.000000     210.000000     210.000000     210.000000     210.000000
mean      -0.004230     -0.034681     -0.033705     -0.106182      0.091465     -0.145550     -0.008130      0.014435      0.079151      0.044872      -0.116471      -0.018360      -0.004184       0.005465       0.114353      -0.016991
std        0.997677      1.019343      1.027572      0.974330      1.025176      1.078586      1.045171      1.017529      0.928190      0.926399       0.941453       0.905043       0.922114       1.074233       0.907994       1.010889
min       -2.915766     -3.367117     -3.202082     -2.993627     -3.049367     -3.070427     -2.947847     -2.801308     -2.440323     -2.987515      -2.428023      -3.254478      -2.170467      -2.784616      -2.554628      -2.788035
25%       -0.691589     -0.683620     -0.664492     -0.683512     -0.568295     -0.787343     -0.724981     -0.682840     -0.485810     -0.544739      -0.701805      -0.581980      -0.711805      -0.672268      -0.528076      -0.631001
50%       -0.053054     -0.006268      0.024604     -0.107186      0.095626     -0.106177     -0.045687      0.032241      0.080425      0.099516      -0.132454      -0.004570       0.028377       0.005019       0.150443       0.036579
75%        0.505362      0.604457      0.649482      0.491522      0.789586      0.653421      0.699593      0.724819      0.716747      0.673371       0.447799       0.659746       0.697793       0.656168       0.685568       0.581044
max        2.605897      2.374103      3.381036      2.970937      3.243034      3.415178      2.617743      2.457523      2.767339      2.112499       2.875628       2.042536       2.119593       3.193694       2.382733       2.593504

z_primitive (32次元):
       z_primitive_dim0  z_primitive_dim1  z_primitive_dim2  z_primitive_dim3  z_primitive_dim4  z_primitive_dim5  z_primitive_dim6  z_primitive_dim7  z_primitive_dim8  z_primitive_dim9  z_primitive_dim10  z_primitive_dim11  z_primitive_dim12  z_primitive_dim13  z_primitive_dim14  z_primitive_dim15  z_primitive_dim16  z_primitive_dim17  z_primitive_dim18  z_primitive_dim19  z_primitive_dim20  z_primitive_dim21  z_primitive_dim22  z_primitive_dim23  z_primitive_dim24  z_primitive_dim25  z_primitive_dim26  z_primitive_dim27  z_primitive_dim28  z_primitive_dim29  z_primitive_dim30  z_primitive_dim31
count        210.000000        210.000000        210.000000        210.000000        210.000000        210.000000        210.000000        210.000000        210.000000        210.000000         210.000000         210.000000         210.000000         210.000000         210.000000         210.000000         210.000000         210.000000         210.000000         210.000000         210.000000         210.000000         210.000000         210.000000         210.000000         210.000000         210.000000         210.000000         210.000000         210.000000         210.000000         210.000000
mean          -0.142711          0.106082          0.154760          0.463572          0.145244          0.288794         -0.269858         -0.017935          0.124969         -0.093689           0.064280          -0.054093          -0.059280          -0.018216          -0.063517          -0.053177          -0.227155           0.180987           0.158274          -0.104855          -0.214469          -0.133317           0.199263          -0.033463           0.071952           0.048701          -0.227246           0.228653           0.129291          -0.113779          -0.032255           0.130854
std            0.372918          0.363185          0.354007          0.388240          0.320498          0.369621          0.359575          0.391106          0.373344          0.379830           0.369220           0.396050           0.399348           0.384679           0.338933           0.371216           0.391300           0.375282           0.371070           0.361807           0.381477           0.391302           0.382362           0.350466           0.380087           0.377242           0.388827           0.361052           0.416355           0.412766           0.393939           0.382234
min           -1.297877         -1.050181         -0.909308         -0.584753         -0.611611         -0.901520         -1.426293         -1.017709         -1.050943         -1.070003          -1.213777          -1.209960          -1.274311          -1.214431          -0.852604          -1.061669          -1.217703          -0.860364          -0.914009          -0.969348          -1.472144          -1.170637          -0.925184          -1.005233          -0.976703          -0.985316          -1.107829          -0.831353          -0.898559          -1.246580          -0.955163          -0.876189
25%           -0.337664         -0.152490         -0.065030          0.194639         -0.024912          0.030173         -0.487262         -0.290306         -0.110469         -0.341061          -0.210735          -0.286010          -0.321023          -0.315040          -0.296989          -0.289682          -0.485462          -0.041016          -0.088406          -0.323646          -0.462793          -0.368226          -0.037802          -0.280198          -0.148377          -0.187669          -0.483980          -0.008087          -0.183467          -0.388586          -0.291159          -0.119610
50%           -0.134148          0.075184          0.149318          0.506782          0.142874          0.286758         -0.259876         -0.031249          0.141848         -0.063352          -0.002994          -0.057104          -0.073648          -0.026071          -0.061329          -0.068273          -0.244314           0.189925           0.178351          -0.112312          -0.179857          -0.155621           0.204910          -0.002559           0.071395           0.076650          -0.219220           0.231382           0.132854          -0.149440          -0.019246           0.146142
75%            0.120745          0.337477          0.381376          0.722045          0.341299          0.575972         -0.004847          0.253297          0.391931          0.126661           0.321574           0.211903           0.204719           0.281828           0.174806           0.238839           0.001397           0.403594           0.418747           0.157166           0.041532           0.099686           0.463277           0.209651           0.312470           0.323720           0.022599           0.483970           0.450391           0.134029           0.242318           0.347607
max            0.777186          1.295808          0.989511          1.611588          1.148689          1.245079          0.556907          1.002956          1.168448          0.915903           1.039176           0.942264           0.988025           0.918295           0.840511           0.771114           1.227110           1.246358           1.108727           0.887836           0.677301           1.208308           1.192149           0.997564           1.194289           1.039399           1.086416           1.191108           1.058891           1.249087           0.844770           1.505352

