階層型VAE潜在表現サマリー
==================================================

データ数: 210
被験者数: 6
エキスパート率: 50.0%

z_style (8次元):
       z_style_dim0  z_style_dim1  z_style_dim2  z_style_dim3  z_style_dim4  z_style_dim5  z_style_dim6  z_style_dim7
count    210.000000    210.000000    210.000000    210.000000    210.000000    210.000000    210.000000    210.000000
mean       0.183243     -0.065155     -0.064524     -0.080623      0.008249      0.024127     -0.013918     -0.041079
std        1.075568      1.056638      1.008950      1.020341      0.939555      1.001390      0.990706      1.030797
min       -3.415752     -3.821726     -2.963389     -2.123366     -4.338892     -2.911306     -2.626007     -2.597272
25%       -0.514590     -0.723409     -0.779426     -0.874100     -0.668822     -0.686556     -0.804364     -0.731508
50%        0.197083     -0.102374     -0.023564     -0.226581      0.017293      0.029896     -0.130971     -0.058289
75%        0.841682      0.617905      0.636578      0.717195      0.616521      0.739138      0.681508      0.604006
max        3.101736      3.303555      2.372880      2.681319      2.668754      2.703238      2.849930      3.175934

z_skill (16次元):
       z_skill_dim0  z_skill_dim1  z_skill_dim2  z_skill_dim3  z_skill_dim4  z_skill_dim5  z_skill_dim6  z_skill_dim7  z_skill_dim8  z_skill_dim9  z_skill_dim10  z_skill_dim11  z_skill_dim12  z_skill_dim13  z_skill_dim14  z_skill_dim15
count    210.000000    210.000000    210.000000    210.000000    210.000000    210.000000    210.000000    210.000000    210.000000    210.000000     210.000000     210.000000     210.000000     210.000000     210.000000     210.000000
mean      -0.036157     -0.060335      0.015253     -0.043421     -0.014245      0.049194     -0.046115      0.141676     -0.154091     -0.052861       0.149219       0.017615      -0.012048      -0.056906      -0.060799      -0.086072
std        0.973926      0.987800      1.016496      0.969772      1.062222      0.997919      1.021949      0.976751      1.048342      1.069943       0.961343       1.016228       0.987792       1.068781       0.999260       1.054879
min       -2.760956     -4.275706     -2.834220     -2.678159     -2.483082     -2.215133     -2.726241     -2.080398     -3.063210     -2.822903      -1.849012      -3.178882      -2.911047      -2.525211      -3.548683      -2.999896
25%       -0.686834     -0.797697     -0.653842     -0.660680     -0.766663     -0.566664     -0.782437     -0.458771     -0.903441     -0.894333      -0.544725      -0.686730      -0.703295      -0.820243      -0.796625      -0.710563
50%       -0.098422     -0.150077      0.008082     -0.033489     -0.055800      0.061198     -0.118053      0.080707     -0.171512     -0.077520       0.133723       0.097159      -0.103233      -0.057042      -0.111406      -0.104958
75%        0.523332      0.685400      0.715571      0.504997      0.699211      0.692377      0.753111      0.769198      0.515899      0.790217       0.859373       0.722590       0.654957       0.568359       0.623633       0.515473
max        3.288851      2.164719      2.309126      2.651568      2.937538      2.792927      2.455879      2.761236      3.635517      2.288121       2.997490       2.367182       2.815737       2.846836       2.702448       2.656512

z_primitive (32次元):
       z_primitive_dim0  z_primitive_dim1  z_primitive_dim2  z_primitive_dim3  z_primitive_dim4  z_primitive_dim5  z_primitive_dim6  z_primitive_dim7  z_primitive_dim8  z_primitive_dim9  z_primitive_dim10  z_primitive_dim11  z_primitive_dim12  z_primitive_dim13  z_primitive_dim14  z_primitive_dim15  z_primitive_dim16  z_primitive_dim17  z_primitive_dim18  z_primitive_dim19  z_primitive_dim20  z_primitive_dim21  z_primitive_dim22  z_primitive_dim23  z_primitive_dim24  z_primitive_dim25  z_primitive_dim26  z_primitive_dim27  z_primitive_dim28  z_primitive_dim29  z_primitive_dim30  z_primitive_dim31
count        210.000000        210.000000        210.000000        210.000000        210.000000        210.000000        210.000000        210.000000        210.000000        210.000000         210.000000         210.000000         210.000000         210.000000         210.000000         210.000000         210.000000         210.000000         210.000000         210.000000         210.000000         210.000000         210.000000         210.000000         210.000000         210.000000         210.000000         210.000000         210.000000         210.000000         210.000000         210.000000
mean          -0.038681         -0.009255         -0.068679         -0.364017          0.072964          0.091409         -0.165088         -0.177281          0.166870         -0.296582           0.019138           0.049655          -0.190424          -0.027429           0.147379          -0.059155          -0.083135          -0.043558          -0.213808          -0.117068           0.076234           0.182013          -0.149921          -0.014631          -0.053779           0.079954          -0.005120           0.239475          -0.140938           0.049647          -0.060497          -0.092331
std            0.438058          0.352067          0.403379          0.346205          0.395812          0.424882          0.435221          0.357699          0.402554          0.352290           0.402953           0.362470           0.400659           0.377904           0.385516           0.398248           0.402771           0.357575           0.379040           0.424331           0.390899           0.386712           0.385142           0.401127           0.438158           0.400851           0.405186           0.370501           0.389117           0.425568           0.380743           0.390129
min           -1.336260         -0.968244         -1.163312         -1.536767         -0.935103         -0.976346         -1.461081         -1.033411         -0.909947         -1.492993          -1.025338          -0.804273          -1.316265          -0.925466          -0.889461          -1.052349          -1.366319          -1.461924          -1.052961          -1.152286          -1.252842          -1.052347          -1.134878          -0.910224          -1.517880          -0.981923          -1.096192          -0.925952          -1.044727          -1.069610          -0.916657          -1.471537
25%           -0.359388         -0.229114         -0.329179         -0.573715         -0.191974         -0.164889         -0.428010         -0.387833         -0.156320         -0.531272          -0.262585          -0.203209          -0.445873          -0.289145          -0.105381          -0.334904          -0.302232          -0.283699          -0.466516          -0.375033          -0.185685          -0.077938          -0.405301          -0.298641          -0.356971          -0.138836          -0.297543           0.030033          -0.408072          -0.187512          -0.313550          -0.327609
50%           -0.062864          0.006996         -0.074412         -0.360563          0.066659          0.062560         -0.179211         -0.169849          0.173151         -0.315587           0.018865           0.064692          -0.203513          -0.061495           0.133923          -0.060143          -0.092561          -0.068683          -0.208887          -0.122637           0.073164           0.186962          -0.143327          -0.071091          -0.072626           0.070704           0.023718           0.262032          -0.186924           0.037962          -0.074249          -0.071380
75%            0.275315          0.241322          0.196476         -0.143645          0.366873          0.417885          0.135683          0.066864          0.461218         -0.061147           0.293639           0.271033           0.069344           0.210342           0.383002           0.224535           0.165516           0.188631           0.029919           0.188133           0.305897           0.454307           0.086792           0.259858           0.255220           0.343089           0.248125           0.489317           0.130578           0.361134           0.167214           0.181901
max            1.233494          0.858142          1.160860          0.657136          1.179988          1.124473          0.833625          0.749364          1.026034          0.887764           1.149582           1.358292           0.806711           1.069965           1.181181           1.152770           0.972808           0.805551           1.022985           0.950193           1.173517           0.958977           1.011868           1.043172           1.185298           1.202795           1.144341           1.030577           1.055311           1.016377           1.105840           1.091399

