1752939996013 1 0
1752939996328 2 1
1752939996637 3 2
1752939996949 4 3
1752939997265 5 4
1752939997583 6 5
1752939997897 7 6
1752939998206 8 7
1752939998521 9 8
1752939998837 10 9
1752940025519 11 10
1752940028605 12 11
1752940028971 13 12
1752940029290 14 13
1752940029613 15 14
1752940029928 16 15
1752940030246 17 16
1752940030589 18 17
1752940030926 19 18
1752940031254 20 19
1752940075116 21 20
1752940075447 22 21
1752940075776 23 22
1752940076119 24 23
1752940076442 25 24
1752940076763 26 25
1752940077090 27 26
1752940077439 28 27
1752940077768 29 28
1752940078112 30 29
1752940121181 31 30
1752940121503 32 31
1752940121847 33 32
1752940122163 34 33
1752940122471 35 34
1752940122788 36 35
1752940123119 37 36
1752940123449 38 37
1752940123781 39 38
1752940124104 40 39
1752940167305 41 40
1752940167617 42 41
1752940167928 43 42
1752940168239 44 43
1752940168551 45 44
1752940168892 46 45
1752940169209 47 46
1752940169524 48 47
1752940169843 49 48
1752940170161 50 49
1752940210923 51 50
1752940211240 52 51
1752940211553 53 52
1752940211864 54 53
1752940212178 55 54
1752940212489 56 55
1752940212801 57 56
1752940213114 58 57
1752940213434 59 58
1752940213748 60 59
1752940252789 61 60
1752940253121 62 61
1752940253451 63 62
1752940253774 64 63
1752940254107 65 64
1752940254437 66 65
1752940254774 67 66
1752940255105 68 67
1752940255457 69 68
1752940255785 70 69
1752940292157 71 70
1752940292474 72 71
1752940292799 73 72
1752940293112 74 73
1752940293424 75 74
1752940293736 76 75
1752940294069 77 76
1752940294404 78 77
1752940294725 79 78
1752940295032 80 79
1752940339966 81 80
1752940340285 82 81
1752940340599 83 82
1752940340909 84 83
1752940341223 85 84
1752940341551 86 85
1752940341863 87 86
1752940342175 88 87
1752940342502 89 88
1752940342868 90 89
1752940383240 91 90
1752940383556 92 91
1752940383872 93 92
1752940384191 94 93
1752940384502 95 94
1752940384819 96 95
1752940385132 97 96
1752940385466 98 97
1752940385780 99 98
1752940386093 100 99
