1752939996013 0.8732674320538839 0
1752939996328 0.6177905797958374 1
1752939996637 0.45546653866767883 2
1752939996949 0.4107524851957957 3
1752939997265 0.3719746122757594 4
1752939997583 0.30653007825215656 5
1752939997897 0.4335573712984721 6
1752939998206 0.3729320863882701 7
1752939998521 0.2979903568824132 8
1752939998837 0.33576073745886487 9
1752940025519 0.3970271746317546 10
1752940028605 0.45338300863901776 11
1752940028971 0.4166588584582011 12
1752940029290 0.3884275158246358 13
1752940029613 0.431794931491216 14
1752940029928 0.3825776278972626 15
1752940030246 0.3324761688709259 16
1752940030589 0.2861165752013524 17
1752940030926 0.4039719303448995 18
1752940031254 0.3677731156349182 19
1752940075116 0.37479887902736664 20
1752940075447 0.43276713291804 21
1752940075776 0.334811935822169 22
1752940076119 0.40220900376637775 23
1752940076442 0.3060554911692937 24
1752940076763 0.3082985281944275 25
1752940077090 0.3722089429696401 26
1752940077439 0.3479162007570267 27
1752940077768 0.37048010031382245 28
1752940078112 0.34878748655319214 29
1752940121181 0.34485843777656555 30
1752940121503 0.25164998571077984 31
1752940121847 0.2925843795140584 32
1752940122163 0.3567466040452321 33
1752940122471 0.32223573823769885 34
1752940122788 0.35731804370880127 35
1752940123119 0.348493958512942 36
1752940123449 0.28655298550923664 37
1752940123781 0.5437656839688619 38
1752940124104 0.3710713932911555 39
1752940167305 0.3580585519472758 40
1752940167617 0.3966179092725118 41
1752940167928 0.4349302152792613 42
1752940168239 0.3243843416372935 43
1752940168551 0.35993021229902905 44
1752940168892 0.39304010073343915 45
1752940169209 0.27006197969118756 46
1752940169524 0.3387151012818019 47
1752940169843 0.3508767286936442 48
1752940170161 0.338286817073822 49
1752940210923 0.34340569376945496 50
1752940211240 0.3977641761302948 51
1752940211553 0.3728450338045756 52
1752940211864 0.36382097999254864 53
1752940212178 0.27717726429303485 54
1752940212489 0.3621744215488434 55
1752940212801 0.3682907621065776 56
1752940213114 0.3899749120076497 57
1752940213434 0.36054925123850506 58
1752940213748 0.35275858640670776 59
1752940252789 0.36439067125320435 60
1752940253121 0.4323833187421163 61
1752940253451 0.34346073865890503 62
1752940253774 0.40096450845400494 63
1752940254107 0.40614525477091473 64
1752940254437 0.3540061414241791 65
1752940254774 0.3052528699239095 66
1752940255105 0.30795952677726746 67
1752940255457 0.3920854727427165 68
1752940255785 0.29143883287906647 69
1752940292157 0.4350040058294932 70
1752940292474 0.2688230772813161 71
1752940292799 0.32125048836072284 72
1752940293112 0.3353860278924306 73
1752940293424 0.42659849921862286 74
1752940293736 0.3351470132668813 75
1752940294069 0.22494659821192423 76
1752940294404 0.3565701941649119 77
1752940294725 0.31878254810969037 78
1752940295032 0.4962156017621358 79
1752940339966 0.27308489382267 80
1752940340285 0.3557007511456807 81
1752940340599 0.3634755512078603 82
1752940340909 0.360001544157664 83
1752940341223 0.27124589681625366 84
1752940341551 0.33072565992673236 85
1752940341863 0.4764861762523651 86
1752940342175 0.3308527221282323 87
1752940342502 0.2790272782246272 88
1752940342868 0.3926299413045247 89
1752940383240 0.2584063857793808 90
1752940383556 0.40899187326431274 91
1752940383872 0.31346129377683 92
1752940384191 0.35620715220769245 93
1752940384502 0.29938124616940814 94
1752940384819 0.39407287041346234 95
1752940385132 0.2577144155899684 96
1752940385466 0.40686718622843426 97
1752940385780 0.36322463552157086 98
1752940386093 0.43858253955841064 99
