階層型VAE潜在表現サマリー
==================================================

データ数: 210
被験者数: 6
エキスパート率: 50.0%

z_style (8次元):
       z_style_dim0  z_style_dim1  z_style_dim2  z_style_dim3  z_style_dim4  z_style_dim5  z_style_dim6  z_style_dim7
count    210.000000    210.000000    210.000000    210.000000    210.000000    210.000000    210.000000    210.000000
mean      -0.008721      0.037654     -0.056201      0.073231     -0.089636     -0.037529     -0.168556      0.105132
std        1.032881      0.989560      1.050288      1.002267      1.003154      0.928409      1.018292      0.972378
min       -2.905952     -2.469880     -2.737022     -2.868008     -2.896824     -3.351450     -2.831880     -2.319533
25%       -0.699827     -0.599717     -0.787758     -0.561655     -0.773690     -0.713222     -0.878955     -0.473173
50%        0.032919      0.022234     -0.071994      0.015864     -0.120572     -0.092203     -0.148536     -0.033503
75%        0.652414      0.692920      0.663783      0.765600      0.538841      0.613830      0.568040      0.666915
max        2.648771      2.708425      3.014005      2.763376      2.471337      2.348438      2.173811      3.127782

z_skill (16次元):
       z_skill_dim0  z_skill_dim1  z_skill_dim2  z_skill_dim3  z_skill_dim4  z_skill_dim5  z_skill_dim6  z_skill_dim7  z_skill_dim8  z_skill_dim9  z_skill_dim10  z_skill_dim11  z_skill_dim12  z_skill_dim13  z_skill_dim14  z_skill_dim15
count    210.000000    210.000000    210.000000    210.000000    210.000000    210.000000    210.000000    210.000000    210.000000    210.000000     210.000000     210.000000     210.000000     210.000000     210.000000     210.000000
mean      -0.055880     -0.024734     -0.062632      0.147712     -0.055356      0.064512     -0.093745     -0.139758     -0.022461      0.035390      -0.026800       0.092429       0.010137       0.078105      -0.013014      -0.022949
std        0.950653      1.015426      1.064090      0.874396      1.033236      0.987037      1.008098      1.075704      0.944443      1.025408       1.010962       1.007773       0.925684       1.017037       1.001159       1.057637
min       -2.355986     -2.451944     -2.911769     -1.873201     -2.563536     -2.395896     -3.233445     -2.742079     -2.804800     -3.210557      -2.434145      -3.115029      -2.857874      -2.309186      -2.920100      -2.811055
25%       -0.693732     -0.663372     -0.790254     -0.371573     -0.800144     -0.529662     -0.766339     -0.834072     -0.670071     -0.592079      -0.617087      -0.434563      -0.633340      -0.659531      -0.648062      -0.778321
50%       -0.081952      0.012374     -0.092733      0.160569     -0.067998      0.009255     -0.183508     -0.132606     -0.017505      0.011010      -0.070436       0.177763      -0.003596       0.015801      -0.017698      -0.001158
75%        0.462133      0.535770      0.784321      0.709079      0.687645      0.751643      0.586914      0.552688      0.610271      0.677826       0.614329       0.784273       0.721338       0.781417       0.626546       0.563274
max        3.288623      4.193523      2.443181      2.255570      2.719930      2.844335      2.674058      2.576413      2.660051      2.777526       4.160812       2.454376       2.565652       3.240026       3.015823       2.818087

z_primitive (32次元):
       z_primitive_dim0  z_primitive_dim1  z_primitive_dim2  z_primitive_dim3  z_primitive_dim4  z_primitive_dim5  z_primitive_dim6  z_primitive_dim7  z_primitive_dim8  z_primitive_dim9  z_primitive_dim10  z_primitive_dim11  z_primitive_dim12  z_primitive_dim13  z_primitive_dim14  z_primitive_dim15  z_primitive_dim16  z_primitive_dim17  z_primitive_dim18  z_primitive_dim19  z_primitive_dim20  z_primitive_dim21  z_primitive_dim22  z_primitive_dim23  z_primitive_dim24  z_primitive_dim25  z_primitive_dim26  z_primitive_dim27  z_primitive_dim28  z_primitive_dim29  z_primitive_dim30  z_primitive_dim31
count        210.000000        210.000000        210.000000        210.000000        210.000000        210.000000        210.000000        210.000000        210.000000        210.000000         210.000000         210.000000         210.000000         210.000000         210.000000         210.000000         210.000000         210.000000         210.000000         210.000000         210.000000         210.000000         210.000000         210.000000         210.000000         210.000000         210.000000         210.000000         210.000000         210.000000         210.000000         210.000000
mean           0.091704         -0.158754          0.113456         -0.022655         -0.096501         -0.016114         -0.080720         -0.315424          0.086758          0.256011          -0.184925           0.375810           0.225605           0.035561          -0.252076          -0.171716           0.337699          -0.088367          -0.032255           0.188853          -0.138428          -0.115480           0.260081           0.204233           0.081377           0.171516           0.151601          -0.161035           0.089467           0.038418           0.226920           0.095171
std            0.368088          0.389330          0.406177          0.396742          0.361923          0.393881          0.399715          0.423366          0.408402          0.375749           0.355984           0.382865           0.380573           0.378001           0.370077           0.355356           0.377342           0.372879           0.403181           0.367465           0.384262           0.372297           0.374700           0.396414           0.383150           0.422137           0.390167           0.374060           0.394566           0.390327           0.401104           0.373131
min           -1.010895         -1.126207         -0.813940         -1.198971         -1.292904         -1.139380         -1.098719         -1.526616         -1.025563         -0.721939          -1.037331          -0.604344          -0.748285          -1.012665          -1.147307          -1.116705          -0.623259          -1.480761          -1.030279          -0.849460          -1.299819          -1.146105          -0.931365          -0.811953          -1.022485          -0.998431          -0.878045          -1.157449          -1.148990          -0.926418          -0.745310          -0.961611
25%           -0.154063         -0.394806         -0.163857         -0.284661         -0.332245         -0.286812         -0.336265         -0.602478         -0.219756         -0.005071          -0.443976           0.119159          -0.049400          -0.221508          -0.512369          -0.424733           0.087494          -0.342795          -0.296152          -0.029750          -0.378159          -0.383281          -0.002387          -0.050776          -0.147115          -0.111752          -0.125680          -0.378634          -0.180063          -0.200333          -0.058939          -0.172803
50%            0.090717         -0.137790          0.120059          0.008373         -0.096726          0.005900         -0.102416         -0.263696          0.101713          0.215643          -0.204742           0.359754           0.242200           0.043604          -0.256783          -0.167458           0.318704          -0.092297          -0.038515           0.181856          -0.142018          -0.118502           0.246745           0.188684           0.100245           0.171926           0.148771          -0.150511           0.081217           0.004544           0.221829           0.084208
75%            0.332608          0.124964          0.390256          0.264765          0.162227          0.286562          0.178060         -0.042158          0.360469          0.533759           0.080202           0.603448           0.514114           0.308540          -0.030464           0.050740           0.586832           0.132851           0.221075           0.434273           0.120538           0.107687           0.550857           0.473991           0.351976           0.434455           0.426360           0.095567           0.305846           0.288940           0.477449           0.320042
max            1.208052          0.794907          1.224747          0.963135          0.858549          0.924550          0.974874          0.979919          1.297989          1.202303           0.852867           1.284348           1.429518           1.113130           0.848975           0.658557           1.349016           1.190396           1.160536           1.211008           1.026216           0.774146           1.224376           1.133002           1.229567           1.394719           1.303414           0.770722           1.110071           1.594084           1.727837           1.293740

