階層型VAE潜在表現サマリー
==================================================

データ数: 210
被験者数: 6
エキスパート率: 50.0%

z_style (8次元):
       z_style_dim0  z_style_dim1  z_style_dim2  z_style_dim3  z_style_dim4  z_style_dim5  z_style_dim6  z_style_dim7
count    210.000000    210.000000    210.000000    210.000000    210.000000    210.000000    210.000000    210.000000
mean      -0.146531      0.092371     -0.030045      0.046375     -0.129815      0.148363      0.018000      0.009273
std        1.020835      0.994963      1.035476      1.022996      0.959557      1.145518      0.935899      1.024466
min       -2.611536     -2.293694     -2.354325     -3.091231     -2.585510     -3.560892     -2.397985     -3.054290
25%       -0.860068     -0.594096     -0.815746     -0.617919     -0.753133     -0.516183     -0.659219     -0.730748
50%       -0.207969     -0.029817     -0.069757      0.051995     -0.121845      0.176245      0.013578      0.092439
75%        0.502999      0.742735      0.558441      0.700963      0.482627      0.915816      0.645136      0.706177
max        3.121563      3.664542      2.803641      3.042456      3.432207      2.734632      2.733992      2.570289

z_skill (16次元):
       z_skill_dim0  z_skill_dim1  z_skill_dim2  z_skill_dim3  z_skill_dim4  z_skill_dim5  z_skill_dim6  z_skill_dim7  z_skill_dim8  z_skill_dim9  z_skill_dim10  z_skill_dim11  z_skill_dim12  z_skill_dim13  z_skill_dim14  z_skill_dim15
count    210.000000    210.000000    210.000000    210.000000    210.000000    210.000000    210.000000    210.000000    210.000000    210.000000     210.000000     210.000000     210.000000     210.000000     210.000000     210.000000
mean      -0.002068     -0.013042     -0.003133     -0.000290      0.025105      0.032929      0.048750     -0.107784      0.059126      0.009661      -0.151878       0.009715       0.018280      -0.047799       0.062345       0.055132
std        0.995721      0.970446      1.069169      0.951157      0.991718      1.095586      1.005499      0.959823      1.000767      0.997037       1.009243       1.028196       1.078625       1.139788       0.962631       1.022119
min       -2.984615     -2.614242     -3.236284     -2.650650     -2.745560     -3.225284     -3.035035     -2.210042     -2.667250     -2.405485      -2.773205      -3.013628      -2.925381      -3.033200      -2.251106      -2.478250
25%       -0.600530     -0.681931     -0.706930     -0.625528     -0.625399     -0.643799     -0.717106     -0.878514     -0.565669     -0.700297      -0.772206      -0.585433      -0.765694      -0.709304      -0.583052      -0.594768
50%        0.011223      0.065438      0.023450     -0.026461      0.011499      0.082863      0.098876     -0.118424      0.114591     -0.004131      -0.156914       0.124718       0.092622      -0.121633       0.016184       0.027626
75%        0.632771      0.615427      0.642717      0.677682      0.597270      0.777708      0.673131      0.653310      0.679660      0.650576       0.401979       0.669781       0.720086       0.627061       0.717539       0.622614
max        2.974782      2.599295      3.647182      2.539179      2.971637      2.906635      2.620508      2.057794      3.092948      2.935398       3.620434       3.303874       3.346399       3.619291       3.300052       2.744501

z_primitive (32次元):
       z_primitive_dim0  z_primitive_dim1  z_primitive_dim2  z_primitive_dim3  z_primitive_dim4  z_primitive_dim5  z_primitive_dim6  z_primitive_dim7  z_primitive_dim8  z_primitive_dim9  z_primitive_dim10  z_primitive_dim11  z_primitive_dim12  z_primitive_dim13  z_primitive_dim14  z_primitive_dim15  z_primitive_dim16  z_primitive_dim17  z_primitive_dim18  z_primitive_dim19  z_primitive_dim20  z_primitive_dim21  z_primitive_dim22  z_primitive_dim23  z_primitive_dim24  z_primitive_dim25  z_primitive_dim26  z_primitive_dim27  z_primitive_dim28  z_primitive_dim29  z_primitive_dim30  z_primitive_dim31
count        210.000000        210.000000        210.000000        210.000000        210.000000        210.000000        210.000000        210.000000        210.000000        210.000000         210.000000         210.000000         210.000000         210.000000         210.000000         210.000000         210.000000         210.000000         210.000000         210.000000         210.000000         210.000000         210.000000         210.000000         210.000000         210.000000         210.000000         210.000000         210.000000         210.000000         210.000000         210.000000
mean          -0.006701          0.128953         -0.419225         -0.267827          0.080460         -0.024964         -0.030343         -0.110656          0.249046          0.113002          -0.032071          -0.002855           0.066059           0.031977          -0.088277           0.105866          -0.081251           0.235291          -0.084732          -0.021279          -0.057756          -0.229833          -0.058923          -0.140256          -0.040646           0.063250           0.027014          -0.254141           0.199260           0.201561           0.014751          -0.359223
std            0.384517          0.427489          0.380054          0.347523          0.387336          0.400323          0.394892          0.378201          0.368441          0.423620           0.355045           0.374535           0.372497           0.391994           0.379035           0.361333           0.369547           0.382138           0.371205           0.376654           0.354720           0.383178           0.377345           0.395563           0.384811           0.353417           0.421206           0.427812           0.419166           0.386064           0.384502           0.408534
min           -0.902399         -1.280526         -1.630989         -1.138830         -1.086330         -1.040656         -1.424556         -1.291741         -0.859820         -1.042733          -0.942333          -0.961433          -0.804284          -0.944275          -1.061868          -0.810118          -1.187763          -0.835565          -1.623286          -0.934754          -0.978422          -1.194650          -1.203991          -1.076673          -1.107002          -0.843115          -1.155008          -1.436553          -1.001144          -0.900853          -0.896601          -1.584368
25%           -0.255737         -0.136512         -0.661738         -0.544055         -0.164178         -0.318872         -0.273673         -0.344754         -0.004351         -0.165787          -0.250623          -0.245807          -0.155783          -0.237553          -0.356836          -0.127436          -0.347167          -0.010063          -0.329242          -0.259646          -0.301590          -0.498434          -0.293624          -0.420621          -0.346940          -0.154769          -0.231949          -0.547438          -0.062113          -0.060799          -0.259104          -0.596301
50%           -0.044662          0.145985         -0.411887         -0.241042          0.086432         -0.096601         -0.057051         -0.076882          0.268422          0.117325          -0.021742           0.037357           0.057191           0.017559          -0.102342           0.089595          -0.085585           0.240283          -0.056275          -0.018538          -0.072703          -0.271377          -0.066724          -0.150359           0.006293           0.073004           0.039780          -0.266074           0.200958           0.220624           0.026881          -0.362412
75%            0.234233          0.411776         -0.176878         -0.010312          0.356182          0.229250          0.219936          0.141695          0.508971          0.375356           0.223897           0.257847           0.327189           0.253276           0.172676           0.342025           0.142284           0.476297           0.145236           0.210610           0.148444           0.023801           0.188091           0.130798           0.248861           0.290911           0.350421           0.028016           0.490661           0.459872           0.285682          -0.129520
max            1.075173          1.490013          0.638885          0.685838          1.139115          1.315320          0.968714          0.704955          1.131701          1.540004           1.131861           1.128355           1.134426           1.197999           1.259289           1.103908           0.862976           1.205879           0.951154           1.216053           0.803747           0.941710           0.886146           1.035353           0.710134           1.092120           0.920692           0.928250           1.411453           1.390099           1.019050           0.831327

