階層型VAE潜在表現サマリー
==================================================

データ数: 210
被験者数: 6
エキスパート率: 50.0%

z_style (8次元):
       z_style_dim0  z_style_dim1  z_style_dim2  z_style_dim3  z_style_dim4  z_style_dim5  z_style_dim6  z_style_dim7
count    210.000000    210.000000    210.000000    210.000000    210.000000    210.000000    210.000000    210.000000
mean      -0.014943     -0.065994     -0.052727     -0.020881      0.031060     -0.044104      0.049324      0.060193
std        1.015239      1.042810      1.029671      1.039135      1.055988      0.928259      1.046818      0.987296
min       -2.621132     -2.870484     -2.681645     -2.894560     -3.304824     -2.414507     -2.748207     -2.411587
25%       -0.744594     -0.763275     -0.796647     -0.751826     -0.724325     -0.735905     -0.643487     -0.588582
50%        0.001453     -0.048028     -0.052757     -0.076541      0.109060      0.035667      0.014400      0.081027
75%        0.697768      0.687178      0.540542      0.704726      0.739328      0.538838      0.750788      0.681899
max        2.601905      3.189269      2.366010      3.782694      2.900704      2.901050      3.411184      3.229355

z_skill (16次元):
       z_skill_dim0  z_skill_dim1  z_skill_dim2  z_skill_dim3  z_skill_dim4  z_skill_dim5  z_skill_dim6  z_skill_dim7  z_skill_dim8  z_skill_dim9  z_skill_dim10  z_skill_dim11  z_skill_dim12  z_skill_dim13  z_skill_dim14  z_skill_dim15
count    210.000000    210.000000    210.000000    210.000000    210.000000    210.000000    210.000000    210.000000    210.000000    210.000000     210.000000     210.000000     210.000000     210.000000     210.000000     210.000000
mean      -0.131575      0.042624      0.038357     -0.122274      0.001937     -0.023010     -0.052780     -0.058860      0.154584     -0.037237       0.066603       0.091452      -0.041549       0.031168      -0.013684       0.070669
std        0.963617      1.051795      0.886707      0.984553      1.053996      0.984416      0.965586      1.047049      0.956555      0.983213       1.062948       1.005494       1.013012       0.956880       0.961978       1.051058
min       -2.908239     -2.528685     -2.468967     -3.418881     -3.388508     -2.011497     -3.245754     -2.927061     -2.313139     -2.621131      -2.856298      -2.497423      -2.697572      -2.440111      -2.655933      -2.792766
25%       -0.868660     -0.646336     -0.554512     -0.798726     -0.582062     -0.794294     -0.641124     -0.781288     -0.512586     -0.692306      -0.597180      -0.643713      -0.683699      -0.599661      -0.610139      -0.617849
50%       -0.105832     -0.059636      0.013995     -0.068488      0.029800     -0.015494      0.003400     -0.105812      0.189384     -0.060039       0.045157       0.082619      -0.059194       0.112780       0.028613       0.067064
75%        0.545926      0.734625      0.642802      0.600035      0.667107      0.575264      0.515023      0.622176      0.820624      0.650303       0.860218       0.769276       0.538770       0.667806       0.573121       0.841038
max        2.440644      3.057556      2.446661      2.108516      3.591846      3.163879      3.291886      2.679256      3.392879      2.669112       2.551096       2.589781       2.630727       2.346426       2.813934       3.170549

z_primitive (32次元):
       z_primitive_dim0  z_primitive_dim1  z_primitive_dim2  z_primitive_dim3  z_primitive_dim4  z_primitive_dim5  z_primitive_dim6  z_primitive_dim7  z_primitive_dim8  z_primitive_dim9  z_primitive_dim10  z_primitive_dim11  z_primitive_dim12  z_primitive_dim13  z_primitive_dim14  z_primitive_dim15  z_primitive_dim16  z_primitive_dim17  z_primitive_dim18  z_primitive_dim19  z_primitive_dim20  z_primitive_dim21  z_primitive_dim22  z_primitive_dim23  z_primitive_dim24  z_primitive_dim25  z_primitive_dim26  z_primitive_dim27  z_primitive_dim28  z_primitive_dim29  z_primitive_dim30  z_primitive_dim31
count        210.000000        210.000000        210.000000        210.000000        210.000000        210.000000        210.000000        210.000000        210.000000        210.000000         210.000000         210.000000         210.000000         210.000000         210.000000         210.000000         210.000000         210.000000         210.000000         210.000000         210.000000         210.000000         210.000000         210.000000         210.000000         210.000000         210.000000         210.000000         210.000000         210.000000         210.000000         210.000000
mean           0.179089         -0.331847         -0.486446         -0.233397         -0.211029          0.039503          0.087216         -0.335217         -0.103819          0.027891           0.054285          -0.051674          -0.086421           0.112552          -0.143992           0.115143           0.167089           0.140570          -0.079634           0.019785           0.169240          -0.077461           0.269839          -0.133623          -0.203061           0.121152          -0.033335           0.080844          -0.121157           0.036736          -0.177555           0.054748
std            0.343712          0.391139          0.371957          0.345634          0.378948          0.368105          0.396931          0.373765          0.364697          0.362500           0.362702           0.384502           0.417088           0.355710           0.359019           0.380785           0.399396           0.376729           0.370083           0.381435           0.371082           0.374445           0.424113           0.334342           0.381838           0.415320           0.383460           0.350107           0.335609           0.395795           0.402252           0.337421
min           -0.633261         -1.609299         -1.429845         -1.251325         -1.314701         -0.842427         -0.986951         -1.365418         -0.948752         -1.044349          -0.805220          -1.118074          -0.990933          -0.881947          -1.277796          -1.146103          -1.097516          -0.816066          -1.025133          -0.967369          -0.682361          -0.991491          -0.989220          -1.140669          -1.309805          -0.711877          -1.149823          -0.770798          -1.217402          -1.141637          -1.624321          -1.031235
25%           -0.054634         -0.609364         -0.729671         -0.489274         -0.442680         -0.203369         -0.168862         -0.581189         -0.340857         -0.229341          -0.201091          -0.297639          -0.365553          -0.118271          -0.403431          -0.174676          -0.115243          -0.120455          -0.320297          -0.241296          -0.101624          -0.336895           0.007449          -0.367824          -0.467034          -0.163226          -0.288623          -0.179857          -0.341423          -0.203181          -0.448417          -0.181549
50%            0.201328         -0.303075         -0.514095         -0.232981         -0.190431          0.037511          0.066764         -0.356974         -0.132337          0.030919           0.041501          -0.045699          -0.086192           0.113352          -0.156988           0.150057           0.211077           0.156070          -0.116290           0.059443           0.157943          -0.112257           0.274760          -0.129945          -0.153951           0.112859           0.015559           0.101362          -0.116433           0.045478          -0.160710           0.083007
75%            0.395366         -0.100700         -0.253789         -0.000350          0.034172          0.243543          0.346391         -0.072251          0.171778          0.303125           0.316173           0.193306           0.187141           0.341890           0.127677           0.377448           0.458222           0.378067           0.182118           0.278426           0.422552           0.195649           0.569471           0.106125           0.050810           0.400575           0.224571           0.305816           0.067415           0.344442           0.100414           0.267923
max            0.955454          0.794576          0.745774          0.926043          0.580195          1.402152          1.306859          0.741328          1.228990          1.007499           0.934473           0.907236           0.949483           1.203888           0.680900           0.990594           1.179648           1.280400           0.839491           1.063023           1.501167           0.844364           1.417607           0.850124           0.739402           1.184828           0.984062           0.932218           0.758992           0.975823           0.855142           0.903588

