階層型VAE潜在表現サマリー
==================================================

データ数: 210
被験者数: 6
エキスパート率: 50.0%

z_style (4次元):
       z_style_dim0  z_style_dim1  z_style_dim2  z_style_dim3
count    210.000000    210.000000    210.000000    210.000000
mean       0.001427      0.116598     -0.030299     -0.018502
std        0.888891      0.967729      1.027869      1.028933
min       -2.798461     -3.512855     -2.822662     -2.969462
25%       -0.600601     -0.437043     -0.651947     -0.692280
50%        0.041530      0.163535     -0.009658      0.012683
75%        0.544672      0.708841      0.755040      0.629264
max        2.422963      2.181064      2.693969      3.584245

z_skill (8次元):
       z_skill_dim0  z_skill_dim1  z_skill_dim2  z_skill_dim3  z_skill_dim4  z_skill_dim5  z_skill_dim6  z_skill_dim7
count    210.000000    210.000000    210.000000    210.000000    210.000000    210.000000    210.000000    210.000000
mean      -0.041100      0.114229     -0.028746     -0.102599      0.054176      0.183752      0.073100     -0.017714
std        1.100211      1.002532      0.919151      0.895138      1.020867      0.924285      1.044272      0.946566
min       -2.579680     -2.519694     -3.284794     -2.431915     -2.628152     -2.490051     -2.383256     -2.391929
25%       -0.806101     -0.561878     -0.624220     -0.683791     -0.742564     -0.403404     -0.653850     -0.707806
50%       -0.133855      0.071535     -0.041383     -0.070415      0.131869      0.198001      0.045348     -0.076852
75%        0.646435      0.753967      0.653902      0.425179      0.789156      0.793684      0.781610      0.666640
max        2.836325      2.915249      2.161246      2.263016      2.406242      2.466055      3.652712      2.393832

z_primitive (16次元):
       z_primitive_dim0  z_primitive_dim1  z_primitive_dim2  z_primitive_dim3  z_primitive_dim4  z_primitive_dim5  z_primitive_dim6  z_primitive_dim7  z_primitive_dim8  z_primitive_dim9  z_primitive_dim10  z_primitive_dim11  z_primitive_dim12  z_primitive_dim13  z_primitive_dim14  z_primitive_dim15
count        210.000000        210.000000        210.000000        210.000000        210.000000        210.000000        210.000000        210.000000        210.000000        210.000000         210.000000         210.000000         210.000000         210.000000         210.000000         210.000000
mean           0.073582         -0.046409          0.089835          0.033614          0.063642         -0.161787          0.029672          0.212132         -0.072634         -0.022376          -0.113966           0.075615           0.020785          -0.006852           0.045719           0.217595
std            0.369167          0.403117          0.408532          0.391209          0.386443          0.368972          0.383242          0.449089          0.395431          0.388986           0.369150           0.446743           0.409202           0.379720           0.377688           0.370496
min           -1.064159         -1.190168         -0.801688         -0.919300         -1.117379         -1.544653         -1.015820         -1.180458         -1.076676         -1.128918          -1.150667          -1.014741          -1.074185          -1.008296          -0.700815          -1.105496
25%           -0.164377         -0.295573         -0.154424         -0.247310         -0.158427         -0.399552         -0.243675         -0.094084         -0.292443         -0.276108          -0.370674          -0.198955          -0.274615          -0.259224          -0.230039          -0.026403
50%            0.058086         -0.056749          0.058802          0.040016          0.068676         -0.142508          0.040132          0.196568         -0.075480         -0.065863          -0.120234           0.133599           0.024867           0.005714           0.036905           0.261030
75%            0.332904          0.241547          0.367060          0.270965          0.318397          0.085372          0.325739          0.531889          0.184842          0.225816           0.194738           0.345841           0.292294           0.210698           0.316550           0.476111
max            1.044913          0.985090          1.316121          1.626802          1.188416          0.672117          1.085576          1.378965          1.078091          1.431473           0.843033           1.308344           0.951298           1.165004           1.148838           1.287863

