階層型VAE潜在表現サマリー
==================================================

データ数: 210
被験者数: 6
エキスパート率: 50.0%

z_style (8次元):
       z_style_dim0  z_style_dim1  z_style_dim2  z_style_dim3  z_style_dim4  z_style_dim5  z_style_dim6  z_style_dim7
count    210.000000    210.000000    210.000000    210.000000    210.000000    210.000000    210.000000    210.000000
mean      -0.028166     -0.118418      0.160254     -0.014844      0.018722      0.045448     -0.028078      0.206830
std        1.050709      1.109748      0.961322      1.015589      1.038515      1.013935      0.934023      1.056286
min       -3.073628     -3.033884     -2.242205     -2.452041     -3.061854     -3.685103     -2.872837     -3.361778
25%       -0.740423     -0.893668     -0.518561     -0.680387     -0.612616     -0.621183     -0.622928     -0.454891
50%       -0.022380     -0.158048      0.125878     -0.080860      0.004625      0.150616     -0.016558      0.249487
75%        0.683043      0.685618      0.749819      0.645494      0.698220      0.758414      0.479924      0.867945
max        2.685894      3.743441      3.044743      2.615600      3.151307      2.598818      2.520009      3.734675

z_skill (16次元):
       z_skill_dim0  z_skill_dim1  z_skill_dim2  z_skill_dim3  z_skill_dim4  z_skill_dim5  z_skill_dim6  z_skill_dim7  z_skill_dim8  z_skill_dim9  z_skill_dim10  z_skill_dim11  z_skill_dim12  z_skill_dim13  z_skill_dim14  z_skill_dim15
count    210.000000    210.000000    210.000000    210.000000    210.000000    210.000000    210.000000    210.000000    210.000000    210.000000     210.000000     210.000000     210.000000     210.000000     210.000000     210.000000
mean      -0.102826     -0.080378     -0.062553      0.047602     -0.080341      0.016185     -0.109811     -0.050380      0.072409      0.063683       0.048434      -0.059607      -0.074473       0.027630      -0.128388      -0.045991
std        1.061169      1.053805      1.072384      1.081279      0.982631      0.984429      1.033179      1.003296      0.909094      1.102941       1.018345       0.948155       0.955032       1.050478       1.007661       0.990432
min       -2.702964     -3.503353     -2.551140     -3.081717     -2.542643     -2.327144     -3.434953     -2.493694     -2.339434     -3.799191      -2.804070      -2.664474      -3.259815      -3.282430      -2.820811      -3.079955
25%       -0.783779     -0.761384     -0.731227     -0.618473     -0.673135     -0.663081     -0.780713     -0.756598     -0.572675     -0.464637      -0.646242      -0.673608      -0.673004      -0.643804      -0.751160      -0.671152
50%       -0.142152     -0.123329     -0.067352      0.027362     -0.022977      0.015281     -0.146544     -0.065960      0.054097      0.048973       0.006824      -0.007377      -0.075186      -0.004361      -0.177491      -0.092484
75%        0.633714      0.564751      0.564979      0.740834      0.550183      0.713199      0.633190      0.593727      0.719122      0.677828       0.672979       0.670855       0.538380       0.774804       0.495537       0.595003
max        2.981483      2.824992      3.150721      2.983131      2.211755      3.326615      2.466897      2.942465      2.696154      3.630055       3.120842       1.981169       2.266274       2.740782       2.514789       3.176060

z_primitive (32次元):
       z_primitive_dim0  z_primitive_dim1  z_primitive_dim2  z_primitive_dim3  z_primitive_dim4  z_primitive_dim5  z_primitive_dim6  z_primitive_dim7  z_primitive_dim8  z_primitive_dim9  z_primitive_dim10  z_primitive_dim11  z_primitive_dim12  z_primitive_dim13  z_primitive_dim14  z_primitive_dim15  z_primitive_dim16  z_primitive_dim17  z_primitive_dim18  z_primitive_dim19  z_primitive_dim20  z_primitive_dim21  z_primitive_dim22  z_primitive_dim23  z_primitive_dim24  z_primitive_dim25  z_primitive_dim26  z_primitive_dim27  z_primitive_dim28  z_primitive_dim29  z_primitive_dim30  z_primitive_dim31
count        210.000000        210.000000        210.000000        210.000000        210.000000        210.000000        210.000000        210.000000        210.000000        210.000000         210.000000         210.000000         210.000000         210.000000         210.000000         210.000000         210.000000         210.000000         210.000000         210.000000         210.000000         210.000000         210.000000         210.000000         210.000000         210.000000         210.000000         210.000000         210.000000         210.000000         210.000000         210.000000
mean           0.201354          0.074989         -0.248190         -0.112169         -0.127962          0.002816          0.117604          0.056510          0.095698          0.089441          -0.253196           0.029479          -0.060201          -0.002323           0.105490           0.168560          -0.177007          -0.131928          -0.239853           0.087061          -0.033846          -0.233242           0.139456          -0.312960           0.046927           0.054162           0.132536          -0.027034           0.122562          -0.222859           0.473948           0.277894
std            0.378386          0.419169          0.364517          0.389684          0.365746          0.409748          0.404532          0.394034          0.357949          0.398619           0.384764           0.382966           0.362642           0.404568           0.384121           0.399397           0.370399           0.409394           0.395901           0.418739           0.406228           0.372775           0.386925           0.424865           0.369406           0.370806           0.409704           0.379856           0.374464           0.386581           0.388681           0.409574
min           -0.840423         -1.108822         -1.120376         -1.211004         -1.240953         -1.062397         -1.356242         -0.927765         -0.832603         -0.915656          -1.439754          -1.052639          -0.995169          -0.976653          -1.241737          -0.880163          -1.140348          -1.192692          -1.161260          -1.039593          -1.110486          -1.451269          -0.836761          -1.357381          -0.827310          -1.071193          -1.073186          -1.266954          -0.795017          -1.583929          -0.759402          -0.742545
25%           -0.070864         -0.187536         -0.481680         -0.390224         -0.360596         -0.299293         -0.132283         -0.187213         -0.124969         -0.203554          -0.505969          -0.241027          -0.310993          -0.275768          -0.123931          -0.091963          -0.445555          -0.388544          -0.506065          -0.189808          -0.312899          -0.450941          -0.133451          -0.625717          -0.202066          -0.184454          -0.165633          -0.301473          -0.147823          -0.481758           0.210348           0.000051
50%            0.204613          0.042922         -0.249429         -0.134490         -0.081892          0.022052          0.144359          0.049535          0.105589          0.085802          -0.265541           0.036592          -0.045465           0.020118           0.110771           0.174951          -0.183440          -0.156169          -0.268143           0.085705          -0.033921          -0.217456           0.121402          -0.277399           0.026833           0.052252           0.126254          -0.007953           0.127372          -0.206507           0.489302           0.259235
75%            0.434427          0.337825         -0.007569          0.153535          0.091112          0.259456          0.424284          0.307869          0.334389          0.387051           0.023051           0.284681           0.197769           0.290733           0.367321           0.452273           0.069316           0.102943           0.024467           0.359066           0.234880           0.030003           0.384692          -0.013992           0.276464           0.304171           0.422036           0.230084           0.391869           0.062566           0.733473           0.555176
max            1.419345          1.408321          0.724938          0.866497          0.744796          1.225755          0.996544          1.241402          1.116148          1.181013           0.751682           0.865793           0.979555           1.102847           1.026956           1.186539           0.814010           1.050097           0.832638           1.468341           0.987863           0.680091           1.176201           0.727240           1.229062           0.863111           1.291702           0.802033           1.285473           0.643200           1.728348           1.954015

