階層型VAE潜在表現サマリー
==================================================

データ数: 210
被験者数: 6
エキスパート率: 50.0%

z_style (8次元):
       z_style_dim0  z_style_dim1  z_style_dim2  z_style_dim3  z_style_dim4  z_style_dim5  z_style_dim6  z_style_dim7
count    210.000000    210.000000    210.000000    210.000000    210.000000    210.000000    210.000000    210.000000
mean      -0.044556     -0.076157      0.022976     -0.106570      0.048834      0.014413     -0.046644      0.163628
std        1.034333      0.967028      1.021378      0.974919      1.043394      1.027760      0.927612      0.983024
min       -2.731757     -2.631623     -3.434882     -3.380267     -2.728215     -3.495523     -2.859590     -2.229506
25%       -0.758828     -0.723959     -0.571921     -0.692163     -0.580500     -0.668326     -0.622489     -0.547173
50%       -0.085956     -0.115352      0.064630     -0.027113      0.088291      0.019416     -0.011689      0.133829
75%        0.666183      0.549933      0.724255      0.516705      0.632900      0.633924      0.526272      0.763615
max        2.926512      3.204490      2.846206      2.462507      3.333508      2.725486      2.298114      2.965058

z_skill (16次元):
       z_skill_dim0  z_skill_dim1  z_skill_dim2  z_skill_dim3  z_skill_dim4  z_skill_dim5  z_skill_dim6  z_skill_dim7  z_skill_dim8  z_skill_dim9  z_skill_dim10  z_skill_dim11  z_skill_dim12  z_skill_dim13  z_skill_dim14  z_skill_dim15
count    210.000000    210.000000    210.000000    210.000000    210.000000    210.000000    210.000000    210.000000    210.000000    210.000000     210.000000     210.000000     210.000000     210.000000     210.000000     210.000000
mean      -0.082831      0.225825      0.040923     -0.076953      0.097921     -0.017153      0.018921      0.030090      0.093527     -0.069347       0.051741       0.086850      -0.076025       0.068568       0.134064      -0.138771
std        0.953234      0.974454      1.056213      0.975227      0.985121      0.943255      0.969305      0.915488      1.004933      0.980619       0.942207       0.984399       0.933073       1.001846       0.959620       1.013382
min       -2.668254     -3.058758     -3.056013     -2.558026     -2.667344     -2.248057     -3.198431     -2.442559     -2.888139     -2.865132      -2.579310      -2.524174      -2.928414      -2.110425      -2.432286      -3.510362
25%       -0.728773     -0.402983     -0.656315     -0.604413     -0.608632     -0.735208     -0.617674     -0.396860     -0.680855     -0.743703      -0.586531      -0.565985      -0.727328      -0.633670      -0.518039      -0.822163
50%       -0.030307      0.255501      0.016099     -0.034832      0.061411     -0.083445      0.028622     -0.001201      0.043210     -0.044017       0.009663       0.089692      -0.032465       0.099475       0.064907      -0.170519
75%        0.623484      0.867067      0.791287      0.502031      0.786783      0.614455      0.625535      0.596844      0.852140      0.600195       0.725370       0.733653       0.629922       0.759977       0.836834       0.586418
max        2.387197      2.513997      3.106987      2.411778      2.832049      2.284679      2.439487      3.076924      4.021197      3.289936       2.763472       2.766230       2.862914       2.232926       2.582903       3.103769

z_primitive (32次元):
       z_primitive_dim0  z_primitive_dim1  z_primitive_dim2  z_primitive_dim3  z_primitive_dim4  z_primitive_dim5  z_primitive_dim6  z_primitive_dim7  z_primitive_dim8  z_primitive_dim9  z_primitive_dim10  z_primitive_dim11  z_primitive_dim12  z_primitive_dim13  z_primitive_dim14  z_primitive_dim15  z_primitive_dim16  z_primitive_dim17  z_primitive_dim18  z_primitive_dim19  z_primitive_dim20  z_primitive_dim21  z_primitive_dim22  z_primitive_dim23  z_primitive_dim24  z_primitive_dim25  z_primitive_dim26  z_primitive_dim27  z_primitive_dim28  z_primitive_dim29  z_primitive_dim30  z_primitive_dim31
count        210.000000        210.000000        210.000000        210.000000        210.000000        210.000000        210.000000        210.000000        210.000000        210.000000         210.000000         210.000000         210.000000         210.000000         210.000000         210.000000         210.000000         210.000000         210.000000         210.000000         210.000000         210.000000         210.000000         210.000000         210.000000         210.000000         210.000000         210.000000         210.000000         210.000000         210.000000         210.000000
mean          -0.109029          0.077083         -0.076117         -0.157977          0.087629          0.045252          0.107096         -0.057586          0.247142          0.029828          -0.021263          -0.205794           0.027593           0.091404          -0.165166          -0.076080           0.052373          -0.060344           0.046844           0.119631          -0.148793          -0.018327           0.051852          -0.031626          -0.099879           0.039723           0.330669          -0.301056          -0.057006          -0.013052          -0.075127           0.083660
std            0.401367          0.384641          0.379398          0.368530          0.344657          0.342031          0.339683          0.365124          0.372333          0.386220           0.351111           0.341180           0.365318           0.363324           0.377377           0.385854           0.320395           0.374159           0.363590           0.392911           0.358809           0.346606           0.359273           0.365801           0.385537           0.367275           0.361919           0.353434           0.385626           0.362823           0.374274           0.384180
min           -1.291098         -0.917069         -1.311399         -1.264846         -0.711110         -0.887048         -0.758585         -0.884415         -0.707958         -1.008889          -0.961233          -1.104864          -0.869306          -0.829629          -1.114550          -1.121156          -0.749257          -1.379712          -1.041906          -1.072328          -1.363403          -0.951294          -0.979364          -0.890928          -1.167084          -1.187658          -0.850146          -1.316399          -1.062776          -0.897953          -1.000913          -1.127999
25%           -0.348948         -0.193032         -0.327511         -0.380760         -0.164344         -0.199393         -0.096487         -0.327123         -0.043142         -0.228209          -0.244957          -0.442843          -0.191145          -0.155242          -0.471754          -0.374513          -0.149557          -0.291676          -0.210445          -0.115434          -0.429249          -0.223647          -0.159000          -0.274147          -0.352980          -0.188503           0.100976          -0.523600          -0.318784          -0.272829          -0.320451          -0.136964
50%           -0.103806          0.086785         -0.074927         -0.116660          0.093647          0.061267          0.085989         -0.058138          0.247876          0.038674          -0.005842          -0.228067           0.022627           0.083830          -0.166293          -0.068831           0.051837          -0.058892           0.038071           0.111330          -0.107712          -0.028338           0.056433          -0.008683          -0.112147           0.098112           0.324383          -0.331140          -0.082883          -0.050658          -0.113344           0.040218
75%            0.153656          0.329420          0.195752          0.090592          0.343091          0.282602          0.321975          0.201398          0.536679          0.301621           0.193667          -0.014550           0.289348           0.294847           0.108528           0.204558           0.233514           0.185804           0.310813           0.388201           0.073077           0.233564           0.295824           0.222918           0.134917           0.265331           0.574451          -0.066500           0.231248           0.224802           0.164857           0.346452
max            0.994052          1.309200          0.899358          0.757037          0.919098          1.228227          1.130209          0.804127          1.284271          0.936212           0.773616           0.853430           1.221645           1.019775           0.798420           0.787280           0.944946           0.869179           1.136980           1.257346           0.859123           0.874407           0.951717           0.785152           1.170043           1.019567           1.517152           0.600524           1.042201           1.001065           1.112228           1.002837

