一般化座標VAE潜在表現サマリー
==================================================

データ数: 210
被験者数: 6
エキスパート率: 50.0%

z_style (32次元):
       z_style_dim0  z_style_dim1  z_style_dim2  z_style_dim3  z_style_dim4  z_style_dim5  z_style_dim6  z_style_dim7  z_style_dim8  z_style_dim9  z_style_dim10  z_style_dim11  z_style_dim12  z_style_dim13  z_style_dim14  z_style_dim15  z_style_dim16  z_style_dim17  z_style_dim18  z_style_dim19  z_style_dim20  z_style_dim21  z_style_dim22  z_style_dim23  z_style_dim24  z_style_dim25  z_style_dim26  z_style_dim27  z_style_dim28  z_style_dim29  z_style_dim30  z_style_dim31
count    210.000000    210.000000    210.000000    210.000000    210.000000    210.000000    210.000000    210.000000    210.000000    210.000000     210.000000     210.000000     210.000000     210.000000     210.000000     210.000000     210.000000     210.000000     210.000000     210.000000     210.000000     210.000000     210.000000     210.000000     210.000000     210.000000     210.000000     210.000000     210.000000     210.000000     210.000000     210.000000
mean      -0.083796      0.035671      0.091573     -0.032016     -0.099310     -0.033234     -0.011530     -0.004203     -0.041511      0.064141      -0.071486       0.162613      -0.109170      -0.018812       0.115476       0.038509       0.031761       0.044621       0.027485      -0.118466       0.049379       0.036511      -0.007677      -0.084747       0.057684       0.011124       0.015437      -0.043040       0.062194      -0.044010      -0.071392       0.042626
std        1.007757      1.013132      0.959684      0.943390      1.074585      0.978046      0.984728      1.030463      1.011560      1.039370       0.897380       1.115095       0.979621       1.020229       1.024294       0.966363       1.045279       1.023271       0.989984       0.996287       0.930392       0.949868       1.013901       1.001406       1.021657       0.945841       1.046229       0.893267       1.027472       0.990227       1.047158       0.887494
min       -2.826388     -2.460895     -2.373153     -2.556199     -3.468698     -2.319610     -2.508532     -2.504410     -3.258621     -3.130009      -2.967484      -3.175298      -2.859773      -2.853970      -2.442685      -2.231417      -2.278113      -2.996571      -3.004410      -3.269850      -2.586560      -2.883250      -2.811499      -3.133946      -2.678774      -2.967453      -3.185474      -2.333651      -2.546207      -3.459881      -3.498553      -2.338946
25%       -0.671068     -0.675889     -0.474228     -0.640854     -0.855762     -0.739757     -0.707317     -0.653037     -0.660278     -0.632171      -0.706302      -0.588772      -0.753490      -0.674598      -0.528120      -0.636380      -0.755850      -0.678617      -0.519032      -0.744023      -0.591003      -0.525761      -0.746752      -0.728611      -0.633748      -0.573877      -0.681800      -0.650413      -0.582539      -0.737156      -0.741608      -0.469889
50%       -0.118185      0.072690      0.116621     -0.045003     -0.107694     -0.084447     -0.042177      0.001038     -0.060309      0.030892       0.004178       0.091769      -0.173285       0.086642       0.173233       0.075645      -0.064727       0.126865       0.047658      -0.111368       0.056566       0.110149      -0.030123      -0.070682       0.075439      -0.000698       0.061362      -0.037161       0.046018      -0.147011       0.059473       0.097778
75%        0.578554      0.771789      0.723977      0.640110      0.700243      0.668191      0.667097      0.589080      0.688429      0.766254       0.566259       0.954834       0.556303       0.674747       0.769214       0.660003       0.762458       0.583411       0.691716       0.462103       0.690236       0.704041       0.728666       0.484279       0.718277       0.635258       0.726222       0.607284       0.824051       0.676975       0.516398       0.653134
max        3.068393      2.475135      3.509369      2.884564      2.666389      2.625031      2.422647      2.996760      2.629499      2.611436       2.234823       4.233141       2.679496       3.896353       2.878380       2.417941       2.688659       3.568298       2.665395       2.936370       2.736001       2.207078       2.646623       2.847467       2.675122       2.660922       3.020984       1.936957       3.095057       2.815865       3.400090       2.313231

z_skill (64次元):
       z_skill_dim0  z_skill_dim1  z_skill_dim2  z_skill_dim3  z_skill_dim4  z_skill_dim5  z_skill_dim6  z_skill_dim7  z_skill_dim8  z_skill_dim9  z_skill_dim10  z_skill_dim11  z_skill_dim12  z_skill_dim13  z_skill_dim14  z_skill_dim15  z_skill_dim16  z_skill_dim17  z_skill_dim18  z_skill_dim19  z_skill_dim20  z_skill_dim21  z_skill_dim22  z_skill_dim23  z_skill_dim24  z_skill_dim25  z_skill_dim26  z_skill_dim27  z_skill_dim28  z_skill_dim29  z_skill_dim30  z_skill_dim31  z_skill_dim32  z_skill_dim33  z_skill_dim34  z_skill_dim35  z_skill_dim36  z_skill_dim37  z_skill_dim38  z_skill_dim39  z_skill_dim40  z_skill_dim41  z_skill_dim42  z_skill_dim43  z_skill_dim44  z_skill_dim45  z_skill_dim46  z_skill_dim47  z_skill_dim48  z_skill_dim49  z_skill_dim50  z_skill_dim51  z_skill_dim52  z_skill_dim53  z_skill_dim54  z_skill_dim55  z_skill_dim56  z_skill_dim57  z_skill_dim58  z_skill_dim59  z_skill_dim60  z_skill_dim61  z_skill_dim62  z_skill_dim63
count    210.000000    210.000000    210.000000    210.000000    210.000000    210.000000    210.000000    210.000000    210.000000    210.000000     210.000000     210.000000     210.000000     210.000000     210.000000     210.000000     210.000000     210.000000     210.000000     210.000000     210.000000     210.000000     210.000000     210.000000     210.000000     210.000000     210.000000     210.000000     210.000000     210.000000     210.000000     210.000000     210.000000     210.000000     210.000000     210.000000     210.000000     210.000000     210.000000     210.000000     210.000000     210.000000     210.000000     210.000000     210.000000     210.000000     210.000000     210.000000     210.000000     210.000000     210.000000     210.000000     210.000000     210.000000     210.000000     210.000000     210.000000     210.000000     210.000000     210.000000     210.000000     210.000000     210.000000     210.000000
mean       0.073750      0.067051     -0.113343      0.049117      0.070351     -0.059151      0.095204      0.010839     -0.004425     -0.117545      -0.086473       0.089923       0.101054       0.136015      -0.061486       0.031110      -0.011432      -0.074537      -0.025020       0.048426      -0.029789       0.159711      -0.101108      -0.116366      -0.013868       0.157929       0.109817      -0.014670      -0.041987       0.062010      -0.076719       0.074945       0.026585       0.108791       0.109511       0.105570      -0.112361      -0.088468      -0.014805       0.080251      -0.098596       0.046954      -0.037870      -0.032227      -0.069178      -0.023083       0.043833       0.081061       0.086838       0.074268      -0.069263       0.080087      -0.037064       0.050642      -0.075559       0.001765      -0.055558      -0.028936       0.143546       0.031244      -0.090241       0.120834       0.007286       0.019702
std        1.005512      0.984821      0.991594      0.966133      0.999278      0.902844      0.919273      1.019887      0.972061      0.937308       0.899561       0.944727       0.896750       0.973706       0.937185       1.102286       1.039791       0.964476       1.017828       1.030457       1.082009       1.017352       1.041297       0.973802       0.998225       1.049362       1.100205       1.001662       0.970126       0.987609       0.967248       1.081850       0.914137       1.074443       0.878835       1.069789       0.987847       1.045259       0.973097       1.002097       1.033026       1.003270       0.989856       0.967944       1.077121       0.926717       1.026040       0.953106       1.067666       0.977406       0.965145       1.059599       1.031910       1.018021       0.958126       1.027959       0.930506       1.073114       0.952477       0.994875       1.019757       0.967713       0.984784       1.089273
min       -2.379093     -2.645965     -2.986331     -2.617192     -2.801048     -2.040824     -3.371984     -2.394665     -2.452617     -2.587323      -3.137246      -2.246796      -2.547641      -2.284820      -3.228431      -2.691948      -2.495109      -3.582836      -2.594558      -3.119064      -3.272871      -2.905597      -2.831927      -2.619457      -3.442151      -2.332344      -2.493209      -2.689014      -3.030965      -2.458734      -2.615099      -3.071414      -3.133207      -3.598720      -2.136281      -3.032799      -2.696117      -2.936596      -3.281974      -3.240724      -2.805747      -3.326601      -3.344341      -2.868901      -2.994228      -2.849666      -2.281257      -2.857228      -2.810399      -2.919783      -3.661997      -2.582345      -3.137917      -2.857996      -2.504497      -3.504932      -2.245834      -3.261776      -2.602306      -2.729053      -3.358742      -2.658833      -2.724343      -2.471584
25%       -0.686773     -0.576472     -0.749133     -0.562744     -0.590566     -0.709735     -0.505724     -0.693940     -0.661816     -0.707529      -0.677216      -0.594913      -0.474684      -0.483844      -0.735196      -0.727801      -0.738296      -0.624614      -0.684064      -0.666637      -0.814228      -0.441823      -0.773230      -0.897276      -0.640651      -0.472773      -0.659157      -0.620888      -0.691799      -0.659788      -0.654594      -0.609168      -0.628639      -0.609363      -0.555051      -0.598867      -0.749366      -0.757528      -0.681238      -0.617555      -0.718974      -0.698773      -0.673550      -0.579698      -0.762301      -0.651938      -0.696863      -0.645619      -0.697620      -0.608638      -0.713397      -0.646876      -0.680741      -0.535839      -0.680985      -0.688175      -0.690912      -0.727021      -0.485947      -0.685853      -0.779982      -0.528327      -0.623036      -0.727948
50%        0.038818      0.083285     -0.153737      0.084179      0.198176     -0.035554      0.105361      0.013558     -0.083109     -0.062228      -0.112717       0.099646       0.145964       0.113697       0.057392      -0.151417       0.021217      -0.027491      -0.043291       0.155397      -0.074754       0.134794      -0.089154      -0.110796      -0.094211       0.164768       0.136500      -0.000302      -0.046716       0.122308      -0.032783       0.080269       0.055617       0.076218       0.193161       0.148899      -0.180986      -0.144417       0.002910       0.120268      -0.011582       0.203414       0.018673       0.031325      -0.066730      -0.011760      -0.079799       0.035723       0.183984      -0.106932      -0.124877       0.053657      -0.079590       0.089345      -0.060999       0.054914      -0.119048      -0.066324       0.256599       0.051939      -0.065295       0.169592      -0.038161      -0.052596
75%        0.791275      0.727558      0.574525      0.822750      0.705986      0.530722      0.729473      0.679274      0.621372      0.587995       0.568417       0.717525       0.735508       0.827260       0.651919       0.747653       0.757279       0.549454       0.636687       0.774218       0.621017       0.878155       0.579959       0.509538       0.689580       0.784177       0.803281       0.653205       0.545225       0.710172       0.563072       0.726984       0.675682       0.751135       0.720810       0.810235       0.459241       0.610994       0.719310       0.713356       0.598955       0.689774       0.597239       0.620958       0.628904       0.505056       0.709418       0.793916       0.874706       0.784927       0.589905       0.815819       0.709676       0.750898       0.611494       0.628959       0.529005       0.764284       0.752267       0.752237       0.627007       0.765420       0.638718       0.908096
max        3.366556      2.625067      2.283058      2.636932      2.553879      2.060276      2.673646      3.169301      3.033854      2.036684       2.572688       2.508814       2.366050       2.640578       2.305131       3.365039       2.279952       2.235464       3.637604       2.351993       3.803903       2.975052       2.575238       3.119902       2.775090       3.092836       3.864790       3.108731       2.961806       2.713491       2.721291       3.064212       2.449758       3.250021       2.363085       2.836515       3.138012       3.365849       2.174274       2.834286       2.440050       2.394074       2.542600       2.241361       3.230349       2.576481       2.671853       2.173876       2.405640       2.513566       2.195379       2.950346       2.735168       2.433509       2.446064       2.940729       3.249050       2.881401       2.799107       2.487286       2.825005       2.671545       3.111468       2.814501

z_primitive (128次元):
       z_primitive_dim0  z_primitive_dim1  z_primitive_dim2  z_primitive_dim3  z_primitive_dim4  z_primitive_dim5  z_primitive_dim6  z_primitive_dim7  z_primitive_dim8  z_primitive_dim9  z_primitive_dim10  z_primitive_dim11  z_primitive_dim12  z_primitive_dim13  z_primitive_dim14  z_primitive_dim15  z_primitive_dim16  z_primitive_dim17  z_primitive_dim18  z_primitive_dim19  z_primitive_dim20  z_primitive_dim21  z_primitive_dim22  z_primitive_dim23  z_primitive_dim24  z_primitive_dim25  z_primitive_dim26  z_primitive_dim27  z_primitive_dim28  z_primitive_dim29  z_primitive_dim30  z_primitive_dim31  z_primitive_dim32  z_primitive_dim33  z_primitive_dim34  z_primitive_dim35  z_primitive_dim36  z_primitive_dim37  z_primitive_dim38  z_primitive_dim39  z_primitive_dim40  z_primitive_dim41  z_primitive_dim42  z_primitive_dim43  z_primitive_dim44  z_primitive_dim45  z_primitive_dim46  z_primitive_dim47  z_primitive_dim48  z_primitive_dim49  z_primitive_dim50  z_primitive_dim51  z_primitive_dim52  z_primitive_dim53  z_primitive_dim54  z_primitive_dim55  z_primitive_dim56  z_primitive_dim57  z_primitive_dim58  z_primitive_dim59  z_primitive_dim60  z_primitive_dim61  z_primitive_dim62  z_primitive_dim63  z_primitive_dim64  z_primitive_dim65  z_primitive_dim66  z_primitive_dim67  z_primitive_dim68  z_primitive_dim69  z_primitive_dim70  z_primitive_dim71  z_primitive_dim72  z_primitive_dim73  z_primitive_dim74  z_primitive_dim75  z_primitive_dim76  z_primitive_dim77  z_primitive_dim78  z_primitive_dim79  z_primitive_dim80  z_primitive_dim81  z_primitive_dim82  z_primitive_dim83  z_primitive_dim84  z_primitive_dim85  z_primitive_dim86  z_primitive_dim87  z_primitive_dim88  z_primitive_dim89  z_primitive_dim90  z_primitive_dim91  z_primitive_dim92  z_primitive_dim93  z_primitive_dim94  z_primitive_dim95  z_primitive_dim96  z_primitive_dim97  z_primitive_dim98  z_primitive_dim99  z_primitive_dim100  z_primitive_dim101  z_primitive_dim102  z_primitive_dim103  z_primitive_dim104  z_primitive_dim105  z_primitive_dim106  z_primitive_dim107  z_primitive_dim108  z_primitive_dim109  z_primitive_dim110  z_primitive_dim111  z_primitive_dim112  z_primitive_dim113  z_primitive_dim114  z_primitive_dim115  z_primitive_dim116  z_primitive_dim117  z_primitive_dim118  z_primitive_dim119  z_primitive_dim120  z_primitive_dim121  z_primitive_dim122  z_primitive_dim123  z_primitive_dim124  z_primitive_dim125  z_primitive_dim126  z_primitive_dim127
count        210.000000        210.000000        210.000000        210.000000        210.000000        210.000000        210.000000        210.000000        210.000000        210.000000         210.000000         210.000000         210.000000         210.000000         210.000000         210.000000         210.000000         210.000000         210.000000         210.000000         210.000000         210.000000         210.000000         210.000000         210.000000         210.000000         210.000000         210.000000         210.000000         210.000000         210.000000         210.000000         210.000000         210.000000         210.000000         210.000000         210.000000         210.000000         210.000000         210.000000         210.000000         210.000000         210.000000         210.000000         210.000000         210.000000         210.000000         210.000000         210.000000         210.000000         210.000000         210.000000         210.000000         210.000000         210.000000         210.000000         210.000000         210.000000         210.000000         210.000000         210.000000         210.000000         210.000000         210.000000         210.000000         210.000000         210.000000         210.000000         210.000000         210.000000         210.000000         210.000000         210.000000         210.000000         210.000000         210.000000         210.000000         210.000000         210.000000         210.000000         210.000000         210.000000         210.000000         210.000000         210.000000         210.000000         210.000000         210.000000         210.000000         210.000000         210.000000         210.000000         210.000000         210.000000         210.000000         210.000000         210.000000         210.000000         210.000000         210.000000          210.000000          210.000000          210.000000          210.000000          210.000000          210.000000          210.000000          210.000000          210.000000          210.000000          210.000000          210.000000          210.000000          210.000000          210.000000          210.000000          210.000000          210.000000          210.000000          210.000000          210.000000          210.000000          210.000000          210.000000          210.000000          210.000000          210.000000          210.000000
mean          -0.017834          0.059796          0.057901          0.064690          0.020523         -0.038536         -0.013198         -0.027217          0.009107         -0.025572          -0.020976          -0.017060           0.024313           0.045419           0.021093          -0.039918          -0.005144          -0.029223           0.035145          -0.052492           0.006935           0.046866           0.013397          -0.012016          -0.026445          -0.018072          -0.084356          -0.006183           0.005872          -0.063995           0.070254          -0.011428          -0.027017           0.022285          -0.019724           0.008105           0.070408          -0.102294          -0.062942          -0.037683          -0.045918          -0.085223           0.005315          -0.001083          -0.004777           0.053146           0.009406           0.081879          -0.009733           0.037738           0.030336           0.003133          -0.008204           0.026574           0.021185           0.010184           0.033821           0.098827          -0.029564          -0.082587          -0.025494           0.082117           0.020815          -0.023710           0.024786          -0.034384          -0.014132          -0.035523           0.029098           0.001577           0.045204          -0.037151          -0.044666           0.023538           0.038655           0.030245          -0.040563           0.017393          -0.005767          -0.033861          -0.021595           0.029352          -0.023580          -0.091133           0.048423           0.004102          -0.002498          -0.005016           0.014800          -0.070709           0.030788          -0.064981          -0.013764          -0.060267           0.067520          -0.053908          -0.026575          -0.028952           0.105056          -0.017147           -0.059113            0.050811           -0.092765           -0.066939            0.022236            0.013360            0.028652            0.009539            0.057689           -0.023753            0.048912           -0.023417            0.023296            0.030046            0.004764            0.012074           -0.054000            0.023453           -0.070281            0.035231            0.086822           -0.034153            0.104610            0.019564            0.060968           -0.025019            0.068578           -0.024216
std            0.284840          0.288341          0.300348          0.303250          0.300826          0.282060          0.293842          0.306403          0.300552          0.295693           0.317268           0.273718           0.297910           0.307264           0.314809           0.273975           0.316907           0.310223           0.315090           0.287434           0.310430           0.285368           0.276337           0.288255           0.288837           0.293363           0.302291           0.264648           0.259689           0.283176           0.291042           0.291850           0.294917           0.300764           0.313150           0.303660           0.285667           0.295357           0.302040           0.291745           0.308828           0.298192           0.301364           0.286824           0.270246           0.331159           0.342542           0.301159           0.303467           0.330872           0.294096           0.287954           0.301599           0.316688           0.289336           0.304848           0.279265           0.310008           0.304768           0.328914           0.309289           0.300886           0.254188           0.318358           0.273214           0.288413           0.302192           0.300584           0.300925           0.296649           0.302451           0.282108           0.307102           0.278351           0.260809           0.271948           0.303086           0.289926           0.286346           0.311432           0.307681           0.282414           0.281907           0.311197           0.278345           0.293786           0.318983           0.305150           0.306436           0.275016           0.311286           0.290298           0.274200           0.300437           0.304152           0.258433           0.339624           0.300028           0.281117           0.298898            0.292045            0.274226            0.293081            0.316283            0.322188            0.302455            0.282085            0.291483            0.311371            0.317914            0.332314            0.296441            0.284025            0.300030            0.278464            0.297012            0.253691            0.284732            0.283251            0.313169            0.321613            0.301442            0.271389            0.272966            0.300224            0.281891            0.277154            0.282236
min           -0.684866         -0.748934         -0.724261         -0.768590         -0.687026         -0.821619         -0.703707         -0.756009         -0.841057         -0.739457          -0.852240          -0.745252          -0.740431          -0.903435          -0.820185          -1.028024          -0.706102          -0.704689          -0.809463          -0.834528          -0.781620          -0.673305          -0.658024          -0.840321          -0.619464          -0.859939          -0.983023          -0.775902          -0.676820          -0.710096          -0.656907          -0.919829          -0.854636          -0.846838          -1.082169          -0.825743          -0.703942          -0.936764          -0.827600          -0.828032          -0.930311          -0.855607          -0.813603          -0.652197          -0.896740          -0.793827          -0.900569          -0.656959          -0.888306          -0.985412          -0.742535          -0.755359          -0.815852          -0.706551          -0.580194          -0.771541          -0.730770          -0.664585          -0.914997          -1.203638          -1.076298          -0.593421          -0.764383          -1.028429          -0.662897          -0.808729          -0.752506          -0.968986          -0.762106          -0.765763          -0.805923          -0.740663          -0.882725          -0.750409          -0.667961          -0.733586          -0.865710          -0.883826          -0.703054          -0.797831          -0.931813          -0.702727          -0.901301          -0.900180          -0.692390          -0.646667          -0.918795          -0.795617          -0.995604          -0.979241          -0.798974          -0.818167          -0.773217          -0.799647          -0.695719          -0.860649          -0.874825          -0.753890          -0.880670          -0.950794           -0.801654           -0.789425           -0.812705           -1.070358           -0.744536           -0.990759           -0.723662           -0.727510           -1.009984           -0.877606           -0.725977           -1.023034           -0.669449           -0.918809           -0.685583           -0.772158           -0.689256           -0.684497           -0.704672           -0.686456           -0.774750           -0.914524           -0.603245           -0.718442           -0.692029           -0.950121           -0.600648           -0.804491
25%           -0.197490         -0.148559         -0.126945         -0.116194         -0.189419         -0.250019         -0.198266         -0.232451         -0.182393         -0.218437          -0.230086          -0.194712          -0.203358          -0.155105          -0.213360          -0.201849          -0.242344          -0.264054          -0.170689          -0.209764          -0.166246          -0.120595          -0.174351          -0.185837          -0.215991          -0.189175          -0.284782          -0.200589          -0.196328          -0.240273          -0.137396          -0.195801          -0.228951          -0.206749          -0.197229          -0.195845          -0.081590          -0.294560          -0.290856          -0.242491          -0.245092          -0.290382          -0.205425          -0.182432          -0.171997          -0.154102          -0.230283          -0.117105          -0.199078          -0.183620          -0.179216          -0.191530          -0.209172          -0.185766          -0.219661          -0.171420          -0.155100          -0.103839          -0.228425          -0.279033          -0.222425          -0.095978          -0.125376          -0.237245          -0.168757          -0.229611          -0.213283          -0.236676          -0.153161          -0.201845          -0.172536          -0.240087          -0.234111          -0.169418          -0.132888          -0.139814          -0.221684          -0.178012          -0.193460          -0.231834          -0.227021          -0.156374          -0.202158          -0.309806          -0.112865          -0.196197          -0.243098          -0.211537          -0.184983          -0.248466          -0.196907          -0.247698          -0.214587          -0.243431          -0.117175          -0.221507          -0.247035          -0.211786          -0.080364          -0.208954           -0.280484           -0.126847           -0.313517           -0.292828           -0.198093           -0.179899           -0.146071           -0.202791           -0.136910           -0.229598           -0.172826           -0.207731           -0.189402           -0.176342           -0.179760           -0.149173           -0.204946           -0.176437           -0.290973           -0.181006           -0.116336           -0.235396           -0.067684           -0.152213           -0.120515           -0.219092           -0.133271           -0.230441
50%           -0.025810          0.060982          0.069276          0.084909          0.025450         -0.025943         -0.000495         -0.026071          0.009064         -0.030193          -0.029941           0.003697           0.017100           0.024557           0.001771          -0.043459          -0.029120          -0.049009           0.072706          -0.032771           0.012754           0.055992           0.027404          -0.006121          -0.023231          -0.023124          -0.086630           0.015370           0.012763          -0.057255           0.067214          -0.021756          -0.027861           0.034293          -0.013546          -0.008474           0.091919          -0.091879          -0.063623          -0.045742          -0.060764          -0.088697          -0.006536          -0.023758          -0.028433           0.047824           0.043484           0.114377          -0.031042           0.059527           0.032128          -0.011522          -0.039569          -0.006712           0.019385           0.034901           0.036477           0.108984          -0.037388          -0.095064          -0.032285           0.099976           0.023667          -0.006923           0.015649          -0.040195          -0.013712          -0.030418           0.052917          -0.006657           0.056599          -0.029289          -0.068835           0.033750           0.060361           0.042871          -0.035715           0.022884          -0.010915          -0.036880          -0.034044           0.016106          -0.024121          -0.116734           0.037924          -0.002730           0.017209          -0.010830           0.008537          -0.098783           0.045438          -0.066511          -0.007937          -0.067588           0.074798          -0.050801          -0.016756          -0.050436           0.115081          -0.012480           -0.063284            0.047208           -0.083137           -0.075182            0.003969           -0.002552            0.017794            0.011868            0.068270            0.000820            0.038267           -0.010582            0.017732            0.018582            0.013677            0.032358           -0.052642            0.018052           -0.051071            0.013756            0.078840           -0.017351            0.109114            0.027085            0.084031           -0.014647            0.054996           -0.042985
75%            0.175463          0.268897          0.249596          0.287427          0.240459          0.162926          0.177909          0.171872          0.213039          0.183789           0.185860           0.155136           0.232847           0.269258           0.234193           0.118654           0.210525           0.200409           0.250667           0.136693           0.212217           0.250730           0.198977           0.162754           0.189892           0.162212           0.084870           0.174888           0.201259           0.107471           0.279393           0.179314           0.167980           0.234586           0.173776           0.221298           0.258877           0.108004           0.141852           0.166259           0.181308           0.092725           0.181134           0.195656           0.168523           0.274218           0.238288           0.275314           0.187919           0.242899           0.247549           0.200767           0.209724           0.240698           0.202843           0.214192           0.221740           0.323062           0.191790           0.156549           0.199579           0.259429           0.195865           0.166062           0.229720           0.154859           0.174684           0.177340           0.218598           0.175551           0.248098           0.167683           0.157072           0.215257           0.204642           0.217808           0.176090           0.243006           0.202850           0.166993           0.218204           0.214515           0.160869           0.126080           0.199309           0.181844           0.219989           0.219884           0.230246           0.129991           0.234675           0.127645           0.179543           0.098157           0.267251           0.116281           0.212161           0.125731           0.304125           0.208975            0.142621            0.237992            0.119418            0.155211            0.242150            0.222988            0.192839            0.224285            0.260456            0.193187            0.281068            0.183545            0.226195            0.231438            0.172410            0.193591            0.114960            0.235624            0.110889            0.251091            0.295837            0.151394            0.294295            0.187479            0.234007            0.166305            0.262736            0.137181
max            0.705944          0.877897          0.971523          0.838820          0.908724          0.688587          0.678555          0.673214          0.923945          0.719815           1.013004           0.870396           0.908754           0.844154           0.803119           0.784411           0.815834           0.793177           0.911051           0.634305           0.937257           0.865551           0.666613           0.713877           0.578939           0.781114           0.810736           0.518220           0.648101           0.681551           0.761869           0.649461           0.936787           0.711931           0.877738           0.818480           1.016113           0.724285           0.835535           0.718929           0.688632           0.692091           0.840338           0.881702           0.748451           0.903093           0.988784           0.841039           0.769923           0.860525           0.669624           0.706106           0.694037           1.072410           0.810768           0.911514           0.694592           0.867116           0.741212           0.756395           0.746699           0.951094           0.636699           0.840720           0.667914           0.686903           0.904417           0.745551           1.012468           1.095640           0.788953           0.740038           0.784010           0.591406           0.706029           0.775584           0.782508           0.903603           0.696649           0.923691           0.707099           0.902366           0.858663           0.754351           0.894603           0.887553           0.780224           0.750253           0.716855           0.656979           0.922083           0.640178           0.777785           0.827959           0.863892           0.636590           1.249801           0.986218           0.736016           0.788146            0.655958            0.823915            0.741281            0.680051            0.789847            0.756144            0.703606            0.974413            1.195737            1.000757            1.316596            0.679722            0.786897            0.923413            0.779100            0.780778            0.617510            0.635353            0.631242            0.975891            0.972606            0.805075            0.750251            0.771275            0.995283            0.788352            0.899983            1.070311

