階層型VAE潜在表現サマリー
==================================================

データ数: 210
被験者数: 6
エキスパート率: 50.0%

z_style (8次元):
       z_style_dim0  z_style_dim1  z_style_dim2  z_style_dim3  z_style_dim4  z_style_dim5  z_style_dim6  z_style_dim7
count    210.000000    210.000000    210.000000    210.000000    210.000000    210.000000    210.000000    210.000000
mean       0.015353     -0.007122     -0.172010     -0.034586      0.047434     -0.064440     -0.038815      0.018255
std        0.964486      0.953024      0.998047      1.044039      1.010173      0.974017      1.059637      0.952930
min       -2.500715     -2.990743     -3.223447     -3.169654     -2.605593     -2.791871     -2.700897     -2.303842
25%       -0.686442     -0.652266     -0.829993     -0.647643     -0.681245     -0.694997     -0.699611     -0.620362
50%        0.038328     -0.103951     -0.094521      0.017923      0.087317     -0.076356     -0.142415      0.053847
75%        0.614085      0.700126      0.512157      0.635163      0.759315      0.630520      0.552622      0.695810
max        2.348774      2.639666      2.183640      2.842201      3.192244      2.153952      3.085119      2.798794

z_skill (16次元):
       z_skill_dim0  z_skill_dim1  z_skill_dim2  z_skill_dim3  z_skill_dim4  z_skill_dim5  z_skill_dim6  z_skill_dim7  z_skill_dim8  z_skill_dim9  z_skill_dim10  z_skill_dim11  z_skill_dim12  z_skill_dim13  z_skill_dim14  z_skill_dim15
count    210.000000    210.000000    210.000000    210.000000    210.000000    210.000000    210.000000    210.000000    210.000000    210.000000     210.000000     210.000000     210.000000     210.000000     210.000000     210.000000
mean       0.017654      0.097845      0.038750      0.195862      0.080204      0.088990      0.011633      0.029735     -0.029467     -0.033089       0.000363       0.098288       0.061347      -0.070439       0.059959       0.059107
std        1.088873      0.975292      0.956789      0.966697      0.970897      1.013479      0.989339      1.010806      1.033645      1.017633       0.960321       1.045074       0.995500       0.968099       1.038283       1.053866
min       -2.648115     -2.622830     -2.456475     -1.756910     -2.438530     -3.232938     -2.299416     -2.569924     -3.002753     -2.515232      -2.442627      -2.932401      -3.009185      -2.823759      -2.876821      -2.415857
25%       -0.737520     -0.505945     -0.643867     -0.449802     -0.572537     -0.611121     -0.634452     -0.551602     -0.724037     -0.606794      -0.640186      -0.546407      -0.574598      -0.751724      -0.674681      -0.665873
50%        0.028664      0.184712      0.070793      0.150095      0.129734      0.154526     -0.048981      0.079011     -0.067011     -0.035520       0.054930       0.098775       0.030126      -0.031121       0.010230       0.072122
75%        0.736933      0.728508      0.648712      0.893743      0.669410      0.704511      0.721867      0.682453      0.709350      0.685737       0.624690       0.792983       0.811606       0.547244       0.776624       0.786285
max        2.367347      2.937501      2.919005      3.185417      2.660687      2.672046      2.407764      2.948501      2.352204      3.543969       2.742507       2.512288       2.522769       2.665083       3.435739       2.752783

z_primitive (32次元):
       z_primitive_dim0  z_primitive_dim1  z_primitive_dim2  z_primitive_dim3  z_primitive_dim4  z_primitive_dim5  z_primitive_dim6  z_primitive_dim7  z_primitive_dim8  z_primitive_dim9  z_primitive_dim10  z_primitive_dim11  z_primitive_dim12  z_primitive_dim13  z_primitive_dim14  z_primitive_dim15  z_primitive_dim16  z_primitive_dim17  z_primitive_dim18  z_primitive_dim19  z_primitive_dim20  z_primitive_dim21  z_primitive_dim22  z_primitive_dim23  z_primitive_dim24  z_primitive_dim25  z_primitive_dim26  z_primitive_dim27  z_primitive_dim28  z_primitive_dim29  z_primitive_dim30  z_primitive_dim31
count        210.000000        210.000000        210.000000        210.000000        210.000000        210.000000        210.000000        210.000000        210.000000        210.000000         210.000000         210.000000         210.000000         210.000000         210.000000         210.000000         210.000000         210.000000         210.000000         210.000000         210.000000         210.000000         210.000000         210.000000         210.000000         210.000000         210.000000         210.000000         210.000000         210.000000         210.000000         210.000000
mean          -0.054619         -0.144433         -0.198949         -0.161856         -0.010702         -0.082772          0.166111         -0.007968         -0.009871         -0.018626           0.119699           0.024504          -0.063519           0.153347          -0.071054           0.230913          -0.212073          -0.012888           0.377951          -0.018776           0.032847           0.418335          -0.122822          -0.005918           0.262337          -0.015016          -0.199791           0.000825          -0.174415           0.098816           0.147996          -0.084823
std            0.376189          0.334930          0.398484          0.383137          0.350679          0.348477          0.352959          0.380954          0.370538          0.372360           0.371956           0.363240           0.371651           0.375533           0.370222           0.393291           0.359533           0.346576           0.353455           0.339204           0.371370           0.374774           0.387134           0.352290           0.356418           0.359409           0.379041           0.346084           0.409506           0.382894           0.360704           0.349110
min           -0.888237         -1.143034         -1.160620         -0.964602         -0.780667         -1.068512         -0.705221         -1.021587         -1.439226         -0.978356          -0.757040          -0.998296          -0.993865          -0.972922          -1.236662          -0.781610          -1.097472          -0.934219          -0.633681          -0.830686          -0.813214          -0.565294          -1.288517          -1.334212          -0.746715          -1.043986          -1.152852          -1.011114          -1.325753          -0.942086          -0.894085          -0.847765
25%           -0.301680         -0.351664         -0.490123         -0.421905         -0.256425         -0.348615         -0.067817         -0.275760         -0.253362         -0.251806          -0.145794          -0.203533          -0.343019          -0.080487          -0.319211          -0.048451          -0.467528          -0.245772           0.146918          -0.253081          -0.195778           0.137386          -0.376743          -0.206463           0.004810          -0.250165          -0.466801          -0.246681          -0.437907          -0.172568          -0.083968          -0.332678
50%           -0.080200         -0.153432         -0.196002         -0.200152         -0.029249         -0.064588          0.189945          0.001210         -0.009818         -0.018786           0.069120           0.012942          -0.053559           0.182922          -0.086223           0.242599          -0.218908          -0.025346           0.390566          -0.043148           0.030988           0.431918          -0.139871           0.022636           0.266308           0.010689          -0.213390           0.002066          -0.143927           0.063073           0.166686          -0.090825
75%            0.211425          0.073575          0.064070          0.046355          0.205422          0.163249          0.400106          0.262458          0.280305          0.210789           0.370311           0.251782           0.213152           0.415711           0.197462           0.485724           0.004022           0.187724           0.643984           0.210815           0.287514           0.655870           0.178696           0.243541           0.495796           0.227204           0.038304           0.234039           0.091059           0.380862           0.376945           0.185931
max            0.926911          0.708155          0.982279          0.998748          1.001333          0.760754          1.078761          1.116640          0.838492          1.157223           1.177823           1.073487           0.773928           1.353744           1.281725           1.126995           0.761556           1.059186           1.138521           0.938481           0.946095           1.379708           0.742775           0.834379           1.153285           0.981576           0.988639           0.982885           0.927142           1.179658           1.081285           0.852712

