階層型VAE潜在表現サマリー
==================================================

データ数: 210
被験者数: 6
エキスパート率: 50.0%

z_style (8次元):
       z_style_dim0  z_style_dim1  z_style_dim2  z_style_dim3  z_style_dim4  z_style_dim5  z_style_dim6  z_style_dim7
count    210.000000    210.000000    210.000000    210.000000    210.000000    210.000000    210.000000    210.000000
mean      -0.095940      0.145383     -0.026626     -0.030125     -0.030449      0.005286     -0.032689      0.042462
std        0.952146      1.082820      1.045176      1.017789      1.016295      0.964743      0.958356      1.037246
min       -2.129541     -2.775780     -2.747127     -2.335823     -2.604601     -3.487302     -2.883575     -3.753157
25%       -0.715527     -0.551278     -0.771874     -0.555056     -0.774011     -0.589353     -0.731181     -0.643937
50%       -0.078066      0.092500      0.022526     -0.053898     -0.074454      0.043097      0.099194     -0.037029
75%        0.552724      0.845267      0.697522      0.570520      0.699421      0.695625      0.568889      0.682261
max        2.553113      3.633793      2.307685      3.121538      2.620449      2.655300      2.112010      3.073380

z_skill (16次元):
       z_skill_dim0  z_skill_dim1  z_skill_dim2  z_skill_dim3  z_skill_dim4  z_skill_dim5  z_skill_dim6  z_skill_dim7  z_skill_dim8  z_skill_dim9  z_skill_dim10  z_skill_dim11  z_skill_dim12  z_skill_dim13  z_skill_dim14  z_skill_dim15
count    210.000000    210.000000    210.000000    210.000000    210.000000    210.000000    210.000000    210.000000    210.000000    210.000000     210.000000     210.000000     210.000000     210.000000     210.000000     210.000000
mean      -0.048949      0.216111      0.008310      0.003554     -0.059564      0.026188      0.088898     -0.033479      0.068542     -0.008594       0.039623      -0.124699       0.017684       0.108128      -0.085230      -0.041076
std        1.053144      1.065385      0.976204      1.084086      0.998665      0.980131      1.091870      1.044143      0.999222      0.925809       0.955419       1.059705       1.010518       1.084994       1.076379       0.959912
min       -3.139519     -2.573112     -2.437907     -3.166229     -2.792641     -2.543349     -3.229431     -2.403771     -3.367290     -2.328015      -2.424533      -2.994701      -2.483367      -2.772919      -3.248745      -2.967772
25%       -0.737515     -0.467272     -0.620072     -0.685215     -0.700821     -0.641894     -0.707929     -0.737162     -0.593434     -0.580687      -0.626018      -0.795409      -0.628585      -0.590465      -0.793935      -0.655990
50%        0.045351      0.149959      0.084762     -0.020955     -0.127190     -0.080737      0.162572     -0.080109      0.116443     -0.040193       0.043212      -0.069426       0.039457      -0.003458      -0.071761       0.006595
75%        0.646100      0.871711      0.664311      0.665115      0.592190      0.661528      0.908629      0.694793      0.808643      0.562310       0.800280       0.634205       0.634729       0.814171       0.641882       0.621667
max        2.823988      3.078866      2.375991      2.853951      3.233693      3.808233      2.863107      2.624584      2.380375      2.580096       2.338566       3.292250       2.243861       2.760360       2.636528       2.290819

z_primitive (32次元):
       z_primitive_dim0  z_primitive_dim1  z_primitive_dim2  z_primitive_dim3  z_primitive_dim4  z_primitive_dim5  z_primitive_dim6  z_primitive_dim7  z_primitive_dim8  z_primitive_dim9  z_primitive_dim10  z_primitive_dim11  z_primitive_dim12  z_primitive_dim13  z_primitive_dim14  z_primitive_dim15  z_primitive_dim16  z_primitive_dim17  z_primitive_dim18  z_primitive_dim19  z_primitive_dim20  z_primitive_dim21  z_primitive_dim22  z_primitive_dim23  z_primitive_dim24  z_primitive_dim25  z_primitive_dim26  z_primitive_dim27  z_primitive_dim28  z_primitive_dim29  z_primitive_dim30  z_primitive_dim31
count        210.000000        210.000000        210.000000        210.000000        210.000000        210.000000        210.000000        210.000000        210.000000        210.000000         210.000000         210.000000         210.000000         210.000000         210.000000         210.000000         210.000000         210.000000         210.000000         210.000000         210.000000         210.000000         210.000000         210.000000         210.000000         210.000000         210.000000         210.000000         210.000000         210.000000         210.000000         210.000000
mean          -0.063559          0.002873         -0.051915         -0.054390         -0.454955          0.008552         -0.143128         -0.012002          0.094469         -0.018945           0.007912           0.027602           0.203947          -0.059304          -0.090094          -0.050490          -0.013877           0.324638           0.101738           0.009206           0.223351          -0.145222          -0.120616           0.030058          -0.188673          -0.126890          -0.118057          -0.173701           0.057371          -0.081738           0.083284           0.053338
std            0.376022          0.395391          0.428388          0.393853          0.363077          0.389829          0.376716          0.367520          0.392914          0.374510           0.385870           0.393473           0.423464           0.365397           0.384928           0.389670           0.426104           0.373263           0.388412           0.392712           0.401269           0.366014           0.390005           0.413427           0.414093           0.389197           0.401218           0.359817           0.408307           0.392906           0.375936           0.404677
min           -1.004379         -1.119072         -1.176154         -1.352342         -1.438087         -1.555580         -1.046564         -1.106410         -0.977726         -1.062360          -1.225667          -1.009654          -0.865425          -1.008153          -1.405748          -1.202078          -1.336293          -0.726765          -0.959544          -1.422519          -0.916207          -1.315141          -1.100737          -1.301671          -1.400086          -1.511795          -1.324791          -1.382136          -0.933032          -1.313648          -0.826515          -1.001589
25%           -0.289623         -0.231847         -0.345562         -0.280127         -0.670383         -0.264598         -0.397699         -0.240340         -0.169643         -0.227151          -0.237699          -0.202651          -0.073127          -0.291049          -0.322646          -0.299639          -0.281010           0.083878          -0.128521          -0.218004          -0.043599          -0.369531          -0.407569          -0.252919          -0.460681          -0.340410          -0.357533          -0.417964          -0.224190          -0.341166          -0.188916          -0.200515
50%           -0.032560         -0.016203         -0.054332         -0.035196         -0.457702          0.026252         -0.128248         -0.010534          0.092207          0.004233          -0.037002           0.059171           0.210590          -0.062324          -0.059702          -0.064708          -0.021848           0.324350           0.115898           0.023386           0.227997          -0.164143          -0.124609           0.031532          -0.196336          -0.137884          -0.125746          -0.178837           0.072157          -0.078995           0.062012           0.055008
75%            0.182320          0.230436          0.261202          0.196376         -0.227306          0.264328          0.109477          0.250491          0.389222          0.213916           0.296619           0.301496           0.494766           0.171811           0.154612           0.208477           0.252730           0.546191           0.352486           0.276633           0.452312           0.091408           0.172384           0.342459           0.082784           0.104394           0.156665           0.053702           0.337716           0.198820           0.366011           0.342264
max            0.798943          1.048551          1.098428          1.003736          0.421250          1.185305          1.065290          1.071012          1.016057          1.184886           1.030236           1.078803           1.452389           1.194096           0.837867           0.990113           1.141518           1.317762           0.994106           1.042157           1.490735           0.778345           0.959609           1.144124           0.880724           1.129755           1.267575           0.676941           1.054260           1.146388           1.150376           1.000898

