階層型VAE潜在表現サマリー
==================================================

データ数: 210
被験者数: 6
エキスパート率: 50.0%

z_style (8次元):
       z_style_dim0  z_style_dim1  z_style_dim2  z_style_dim3  z_style_dim4  z_style_dim5  z_style_dim6  z_style_dim7
count    210.000000    210.000000    210.000000    210.000000    210.000000    210.000000    210.000000    210.000000
mean      -0.017670     -0.032494     -0.041865      0.033413      0.034582     -0.001474     -0.092234      0.158225
std        1.034421      0.985320      1.006158      0.929349      1.023552      1.050045      1.013729      0.985157
min       -3.008754     -2.469295     -2.680495     -2.395586     -2.777457     -2.756731     -2.867319     -2.187040
25%       -0.707797     -0.666047     -0.621663     -0.670314     -0.617386     -0.698898     -0.754058     -0.477055
50%        0.008541     -0.023724     -0.035059      0.075558      0.030007     -0.017554     -0.079676      0.160549
75%        0.739356      0.627905      0.622601      0.633532      0.689926      0.715638      0.643841      0.788926
max        2.534619      2.491679      2.247085      2.561929      3.032086      3.424159      2.104538      3.196852

z_skill (16次元):
       z_skill_dim0  z_skill_dim1  z_skill_dim2  z_skill_dim3  z_skill_dim4  z_skill_dim5  z_skill_dim6  z_skill_dim7  z_skill_dim8  z_skill_dim9  z_skill_dim10  z_skill_dim11  z_skill_dim12  z_skill_dim13  z_skill_dim14  z_skill_dim15
count    210.000000    210.000000    210.000000    210.000000    210.000000    210.000000    210.000000    210.000000    210.000000    210.000000     210.000000     210.000000     210.000000     210.000000     210.000000     210.000000
mean       0.047179      0.085251     -0.016662      0.020332     -0.113377      0.039706     -0.018008      0.034481     -0.090156     -0.103975      -0.064931      -0.006984       0.098551       0.026409       0.172426      -0.064068
std        1.017245      0.946347      1.091900      0.985316      0.973371      1.093781      0.976633      0.991189      1.031672      1.015400       1.015096       1.080239       0.934382       0.977382       0.883448       0.963608
min       -3.680404     -2.413368     -2.834202     -2.765007     -3.440298     -3.534362     -2.927451     -2.905208     -3.084557     -2.805324      -2.758763      -3.292092      -2.077615      -2.714181      -1.920959      -2.647827
25%       -0.617221     -0.582097     -0.708073     -0.619872     -0.723027     -0.529815     -0.662290     -0.685609     -0.728948     -0.760450      -0.676839      -0.706872      -0.510668      -0.663262      -0.432998      -0.777911
50%        0.052879      0.225491     -0.075789      0.036159     -0.091432     -0.084912     -0.006273     -0.001906     -0.071242     -0.041294      -0.016365       0.057390       0.201728      -0.019814       0.171678      -0.068218
75%        0.785840      0.732534      0.658445      0.657437      0.538409      0.698244      0.581365      0.652675      0.628614      0.598966       0.549946       0.770636       0.654439       0.636401       0.803621       0.699166
max        2.373552      2.347445      3.149247      2.674152      2.472832      3.491125      3.069988      2.463428      4.057843      2.402505       2.837732       3.549148       2.667818       2.461358       2.812968       3.016502

z_primitive (32次元):
       z_primitive_dim0  z_primitive_dim1  z_primitive_dim2  z_primitive_dim3  z_primitive_dim4  z_primitive_dim5  z_primitive_dim6  z_primitive_dim7  z_primitive_dim8  z_primitive_dim9  z_primitive_dim10  z_primitive_dim11  z_primitive_dim12  z_primitive_dim13  z_primitive_dim14  z_primitive_dim15  z_primitive_dim16  z_primitive_dim17  z_primitive_dim18  z_primitive_dim19  z_primitive_dim20  z_primitive_dim21  z_primitive_dim22  z_primitive_dim23  z_primitive_dim24  z_primitive_dim25  z_primitive_dim26  z_primitive_dim27  z_primitive_dim28  z_primitive_dim29  z_primitive_dim30  z_primitive_dim31
count        210.000000        210.000000        210.000000        210.000000        210.000000        210.000000        210.000000        210.000000        210.000000        210.000000         210.000000         210.000000         210.000000         210.000000         210.000000         210.000000         210.000000         210.000000         210.000000         210.000000         210.000000         210.000000         210.000000         210.000000         210.000000         210.000000         210.000000         210.000000         210.000000         210.000000         210.000000         210.000000
mean          -0.105631         -0.033466         -0.092730         -0.050331         -0.123370          0.216606          0.013088          0.276415          0.305987         -0.056564           0.126199           0.061528           0.195086          -0.141988           0.317119           0.159684          -0.113309          -0.128147          -0.017796          -0.153879          -0.031006          -0.139923           0.185877          -0.022793           0.239956           0.086693           0.048406           0.008077           0.097698           0.018452           0.046981          -0.161156
std            0.452654          0.356596          0.338807          0.339653          0.372231          0.396437          0.354964          0.398197          0.384705          0.403108           0.367195           0.390949           0.365313           0.419629           0.415328           0.383614           0.404801           0.428007           0.377140           0.402043           0.378716           0.399131           0.377142           0.386439           0.354419           0.390014           0.406458           0.369873           0.388406           0.409908           0.366696           0.353676
min           -1.600780         -1.060261         -0.927587         -1.089557         -1.037212         -0.865651         -0.921605         -0.682458         -0.973904         -1.179900          -0.841015          -0.812116          -0.803791          -1.235260          -0.681553          -0.951219          -1.097700          -1.283490          -0.898009          -1.123775          -1.058868          -1.218376          -0.856429          -1.168716          -0.830385          -0.819922          -1.151888          -0.972009          -0.909950          -1.030491          -1.033862          -1.160614
25%           -0.407017         -0.266695         -0.320311         -0.275367         -0.381779         -0.068970         -0.223408         -0.010173          0.036180         -0.305370          -0.132552          -0.245966          -0.070889          -0.398476           0.011238          -0.091521          -0.395410          -0.377239          -0.265342          -0.428752          -0.278399          -0.397217          -0.094812          -0.300689           0.001993          -0.199845          -0.208166          -0.221374          -0.148444          -0.288067          -0.195203          -0.383506
50%           -0.133822         -0.069986         -0.117528         -0.071138         -0.107882          0.240732          0.010272          0.275805          0.316031         -0.036620           0.117393           0.045637           0.172897          -0.171371           0.314130           0.162790          -0.109979          -0.149661          -0.010899          -0.212288          -0.024363          -0.138743           0.197935           0.023424           0.261160           0.097145           0.057515           0.059225           0.069917          -0.018508           0.053270          -0.161544
75%            0.218818          0.198763          0.164997          0.172700          0.176442          0.463894          0.254581          0.563177          0.579977          0.209135           0.352820           0.311071           0.433259           0.169956           0.604650           0.379232           0.141704           0.183542           0.233992           0.100577           0.227920           0.126075           0.436370           0.272142           0.478507           0.330316           0.316823           0.217631           0.354879           0.295537           0.290442           0.072885
max            0.944367          0.986842          0.750812          0.985556          0.786320          1.547381          0.963228          1.659595          1.364506          1.009950           1.412556           1.160576           1.178123           0.891202           1.501158           1.447432           0.936610           1.324039           1.214959           0.978601           1.083862           0.959497           1.203740           0.898325           1.130592           1.204328           1.155877           0.953829           1.180982           1.045817           0.961681           0.686031

