階層型VAE潜在表現サマリー
==================================================

データ数: 210
被験者数: 6
エキスパート率: 50.0%

z_style (8次元):
       z_style_dim0  z_style_dim1  z_style_dim2  z_style_dim3  z_style_dim4  z_style_dim5  z_style_dim6  z_style_dim7
count    210.000000    210.000000    210.000000    210.000000    210.000000    210.000000    210.000000    210.000000
mean      -0.020402     -0.064771     -0.015036      0.002207      0.094728      0.042702      0.047424     -0.032420
std        0.996002      0.920266      0.922459      0.947884      1.058816      1.033091      0.999761      0.979306
min       -3.613645     -2.501742     -2.933101     -4.268145     -2.489395     -2.891559     -2.895900     -2.815844
25%       -0.616339     -0.672047     -0.611399     -0.577651     -0.604014     -0.642105     -0.625166     -0.721276
50%        0.027909     -0.100996     -0.123569      0.016929     -0.000652      0.060147      0.135482      0.014598
75%        0.711855      0.684025      0.637745      0.540118      0.768826      0.843396      0.784388      0.605017
max        2.528843      2.175887      2.541894      2.819354      2.815856      3.328486      2.558439      3.593237

z_skill (16次元):
       z_skill_dim0  z_skill_dim1  z_skill_dim2  z_skill_dim3  z_skill_dim4  z_skill_dim5  z_skill_dim6  z_skill_dim7  z_skill_dim8  z_skill_dim9  z_skill_dim10  z_skill_dim11  z_skill_dim12  z_skill_dim13  z_skill_dim14  z_skill_dim15
count    210.000000    210.000000    210.000000    210.000000    210.000000    210.000000    210.000000    210.000000    210.000000    210.000000     210.000000     210.000000     210.000000     210.000000     210.000000     210.000000
mean       0.065629      0.028998      0.120310     -0.030715     -0.003375      0.036330      0.120788      0.066562     -0.104923      0.025666       0.053542       0.040174       0.124138      -0.032742       0.021636      -0.078960
std        1.056416      1.017947      1.023954      0.884971      0.992238      1.084397      1.001265      0.921576      1.014739      0.913068       0.979030       0.970168       1.023366       0.856174       0.968999       0.928240
min       -2.864464     -3.166496     -2.459810     -2.777339     -2.613377     -3.447356     -2.424608     -2.220412     -2.790727     -2.468282      -3.074454      -3.197253      -2.735283      -2.306505      -2.465276      -2.374274
25%       -0.602498     -0.633934     -0.549032     -0.694743     -0.668608     -0.753730     -0.543208     -0.528808     -0.784878     -0.537489      -0.643767      -0.593805      -0.529152      -0.530148      -0.585026      -0.722022
50%        0.021971      0.015992      0.151933     -0.007799      0.007405      0.008282      0.081018      0.164513     -0.056426      0.056069       0.088055       0.083173       0.195900      -0.038601       0.035874      -0.086026
75%        0.723865      0.721379      0.798386      0.633787      0.545354      0.737855      0.797160      0.663762      0.592864      0.648818       0.768319       0.675681       0.682057       0.581955       0.686850       0.606008
max        3.406737      2.489279      2.743843      1.752297      3.347108      2.847742      2.761482      2.636912      2.753182      2.871994       2.297907       2.842291       3.507161       2.037558       2.333658       2.244717

z_primitive (32次元):
       z_primitive_dim0  z_primitive_dim1  z_primitive_dim2  z_primitive_dim3  z_primitive_dim4  z_primitive_dim5  z_primitive_dim6  z_primitive_dim7  z_primitive_dim8  z_primitive_dim9  z_primitive_dim10  z_primitive_dim11  z_primitive_dim12  z_primitive_dim13  z_primitive_dim14  z_primitive_dim15  z_primitive_dim16  z_primitive_dim17  z_primitive_dim18  z_primitive_dim19  z_primitive_dim20  z_primitive_dim21  z_primitive_dim22  z_primitive_dim23  z_primitive_dim24  z_primitive_dim25  z_primitive_dim26  z_primitive_dim27  z_primitive_dim28  z_primitive_dim29  z_primitive_dim30  z_primitive_dim31
count        210.000000        210.000000        210.000000        210.000000        210.000000        210.000000        210.000000        210.000000        210.000000        210.000000         210.000000         210.000000         210.000000         210.000000         210.000000         210.000000         210.000000         210.000000         210.000000         210.000000         210.000000         210.000000         210.000000         210.000000         210.000000         210.000000         210.000000         210.000000         210.000000         210.000000         210.000000         210.000000
mean          -0.364715          0.094388         -0.073644         -0.185856          0.124317         -0.127623          0.001909         -0.102164          0.238010         -0.069450           0.017515          -0.259267           0.049812           0.074323          -0.107504           0.022028           0.114906          -0.257620           0.044400          -0.129833          -0.240381          -0.084171           0.038532          -0.091649           0.039015          -0.130704           0.039313          -0.097899           0.122069           0.270468          -0.091762          -0.160744
std            0.398005          0.403716          0.379123          0.406097          0.418368          0.420931          0.407238          0.407557          0.411186          0.391357           0.427695           0.388725           0.394467           0.362396           0.378686           0.412273           0.400244           0.430735           0.377556           0.374768           0.380193           0.436668           0.376170           0.399466           0.384434           0.404579           0.383690           0.388941           0.381286           0.401129           0.373183           0.397381
min           -1.753953         -1.097368         -1.206030         -1.448372         -1.081028         -1.203155         -0.969437         -1.100937         -1.007057         -0.887373          -1.220101          -1.249016          -0.912724          -1.132404          -1.057417          -1.596965          -0.959764          -1.509806          -0.914707          -0.919549          -1.271362          -1.154294          -0.882639          -1.425644          -1.047043          -1.366754          -1.024849          -1.046295          -0.933162          -0.837572          -0.860242          -1.284992
25%           -0.608464         -0.157951         -0.366617         -0.453308         -0.106042         -0.390921         -0.226685         -0.373449         -0.060219         -0.314989          -0.277565          -0.559958          -0.182407          -0.156041          -0.358070          -0.230899          -0.141014          -0.516235          -0.206170          -0.383594          -0.486382          -0.340796          -0.240557          -0.363925          -0.234151          -0.378333          -0.213947          -0.368804          -0.156248           0.009540          -0.363956          -0.394854
50%           -0.394053          0.069879         -0.062942         -0.204104          0.146051         -0.160394          0.000931         -0.108026          0.240755         -0.096536           0.045305          -0.252261           0.029795           0.078772          -0.079065          -0.002632           0.071773          -0.259979           0.044919          -0.149873          -0.283977          -0.099158           0.035410          -0.085639           0.025087          -0.152621           0.038515          -0.135310           0.138491           0.310628          -0.111985          -0.114612
75%           -0.129585          0.409342          0.194257          0.080053          0.353660          0.219105          0.286798          0.189892          0.485670          0.166980           0.324098          -0.008216           0.303701           0.316322           0.160988           0.291597           0.361085           0.029478           0.322224           0.125366           0.006156           0.182149           0.292762           0.201088           0.301521           0.136164           0.320672           0.168448           0.370474           0.544456           0.162226           0.091722
max            0.698717          1.062119          0.793895          1.071405          1.364265          0.909697          1.148470          1.070429          1.336144          1.089546           0.993116           0.784403           1.208688           1.016877           0.761223           0.951039           1.301268           0.927098           1.260575           0.793622           0.873634           1.277185           1.144643           0.796940           1.059544           0.833209           0.945962           1.360767           1.329390           1.524649           1.051610           0.848891

