階層型VAE潜在表現サマリー
==================================================

データ数: 210
被験者数: 6
エキスパート率: 50.0%

z_style (8次元):
       z_style_dim0  z_style_dim1  z_style_dim2  z_style_dim3  z_style_dim4  z_style_dim5  z_style_dim6  z_style_dim7
count    210.000000    210.000000    210.000000    210.000000    210.000000    210.000000    210.000000    210.000000
mean       0.144460     -0.037704      0.089168     -0.015684      0.062154      0.059416      0.054128      0.053702
std        1.042505      1.061375      0.988571      0.954653      0.993597      1.034482      0.952001      1.019204
min       -2.887099     -2.797735     -2.817615     -2.371658     -2.425346     -2.749040     -2.379154     -2.807305
25%       -0.618566     -0.805569     -0.572186     -0.634465     -0.550662     -0.622144     -0.565709     -0.571083
50%        0.181999     -0.047739      0.128962     -0.019859      0.065893      0.058403      0.052164      0.045584
75%        0.870771      0.628475      0.814840      0.645736      0.642393      0.761439      0.681516      0.710757
max        3.336444      3.096648      2.494870      2.487883      2.891074      3.455591      2.498154      2.917068

z_skill (16次元):
       z_skill_dim0  z_skill_dim1  z_skill_dim2  z_skill_dim3  z_skill_dim4  z_skill_dim5  z_skill_dim6  z_skill_dim7  z_skill_dim8  z_skill_dim9  z_skill_dim10  z_skill_dim11  z_skill_dim12  z_skill_dim13  z_skill_dim14  z_skill_dim15
count    210.000000    210.000000    210.000000    210.000000    210.000000    210.000000    210.000000    210.000000    210.000000    210.000000     210.000000     210.000000     210.000000     210.000000     210.000000     210.000000
mean       0.073531      0.000102     -0.138779      0.002695      0.074009     -0.024099     -0.075396     -0.067867     -0.003009     -0.035472       0.131908       0.046455      -0.051953       0.006801      -0.007990      -0.019315
std        0.958461      0.972689      0.927778      0.987777      1.020883      0.966755      1.021768      0.989918      0.958263      1.024409       0.977684       1.014382       1.044997       1.032654       1.011409       1.002262
min       -2.641124     -3.486894     -4.872561     -2.694100     -2.642654     -2.769637     -3.335419     -3.192833     -2.280956     -2.725330      -2.504983      -2.289053      -2.881911      -2.399966      -3.537717      -2.471543
25%       -0.565710     -0.637693     -0.730544     -0.650589     -0.527578     -0.540048     -0.722400     -0.635293     -0.605314     -0.603134      -0.437950      -0.584989      -0.806556      -0.606463      -0.612876      -0.714868
50%        0.092666     -0.111480     -0.106482     -0.004277      0.110670      0.014771     -0.062533      0.025457     -0.039727     -0.109048       0.170851      -0.079784      -0.121569       0.095229       0.056535      -0.010678
75%        0.674665      0.639181      0.519464      0.655370      0.691373      0.657046      0.588747      0.526639      0.588452      0.706120       0.752216       0.716737       0.740904       0.639089       0.659624       0.648189
max        2.543528      3.233231      2.059454      2.578878      2.371545      2.152877      2.835304      2.556767      2.689441      2.642455       2.562346       2.956375       3.364153       3.039608       2.244976       2.632230

z_primitive (32次元):
       z_primitive_dim0  z_primitive_dim1  z_primitive_dim2  z_primitive_dim3  z_primitive_dim4  z_primitive_dim5  z_primitive_dim6  z_primitive_dim7  z_primitive_dim8  z_primitive_dim9  z_primitive_dim10  z_primitive_dim11  z_primitive_dim12  z_primitive_dim13  z_primitive_dim14  z_primitive_dim15  z_primitive_dim16  z_primitive_dim17  z_primitive_dim18  z_primitive_dim19  z_primitive_dim20  z_primitive_dim21  z_primitive_dim22  z_primitive_dim23  z_primitive_dim24  z_primitive_dim25  z_primitive_dim26  z_primitive_dim27  z_primitive_dim28  z_primitive_dim29  z_primitive_dim30  z_primitive_dim31
count        210.000000        210.000000        210.000000        210.000000        210.000000        210.000000        210.000000        210.000000        210.000000        210.000000         210.000000         210.000000         210.000000         210.000000         210.000000         210.000000         210.000000         210.000000         210.000000         210.000000         210.000000         210.000000         210.000000         210.000000         210.000000         210.000000         210.000000         210.000000         210.000000         210.000000         210.000000         210.000000
mean           0.122917         -0.034557          0.086343         -0.074191         -0.021500          0.267491         -0.117506          0.130315         -0.115825         -0.024138          -0.329387          -0.336460           0.189944           0.154641          -0.176600           0.007094           0.214123           0.025413          -0.098394           0.035727          -0.136348          -0.141830           0.126403          -0.038419           0.157580          -0.113119          -0.097571          -0.051170           0.042464          -0.055492           0.323649           0.182970
std            0.416652          0.386063          0.399076          0.405123          0.375049          0.407690          0.405733          0.387833          0.379143          0.359954           0.351408           0.393474           0.368059           0.417274           0.351482           0.378195           0.423118           0.391188           0.437906           0.413541           0.389201           0.376424           0.401044           0.391527           0.414722           0.389209           0.429186           0.397750           0.403141           0.365820           0.359294           0.386366
min           -1.121226         -1.112214         -1.045286         -1.410578         -0.889077         -0.854510         -1.268644         -0.835306         -1.198138         -1.079951          -1.239056          -1.201292          -0.837375          -1.086051          -1.174017          -1.071049          -0.713385          -0.968974          -1.527153          -0.942556          -1.216556          -1.225978          -0.963280          -1.420355          -0.914312          -1.034160          -1.432948          -1.253811          -1.089012          -0.995518          -0.884740          -0.611694
25%           -0.145621         -0.268217         -0.206872         -0.317328         -0.242804         -0.028760         -0.391248         -0.174111         -0.384084         -0.244919          -0.580839          -0.618944          -0.043332          -0.097443          -0.385835          -0.210563          -0.098325          -0.226500          -0.361306          -0.242054          -0.410226          -0.391556          -0.165078          -0.272445          -0.078471          -0.394406          -0.346926          -0.321534          -0.209470          -0.292111           0.109474          -0.102170
50%            0.151571         -0.018818          0.029528         -0.039263         -0.013979          0.312298         -0.088694          0.122849         -0.113911         -0.044825          -0.338433          -0.340679           0.179596           0.122016          -0.183550           0.008876           0.200941          -0.002367          -0.100566           0.005608          -0.124258          -0.168472           0.127683          -0.011856           0.162651          -0.109124          -0.095615          -0.027753           0.043296          -0.074562           0.317150           0.165713
75%            0.393886          0.223295          0.393613          0.158939          0.220311          0.521300          0.163472          0.388308          0.136310          0.209457          -0.093400          -0.031529           0.421967           0.406451           0.033407           0.231661           0.478230           0.307728           0.178670           0.310077           0.100249           0.123603           0.397805           0.208435           0.414239           0.177744           0.210103           0.218469           0.305822           0.220199           0.568464           0.497015
max            1.175249          1.057569          1.113493          1.339260          1.077540          1.325365          1.142378          1.152121          0.963086          0.812073           0.557333           0.793550           1.269486           1.243591           0.843720           0.980980           1.473276           1.009522           1.187413           1.411341           0.810516           0.997594           1.369802           1.155322           1.287657           0.884080           0.835271           0.923270           1.053693           0.831001           1.391759           1.291312

