階層型VAE潜在表現サマリー
==================================================

データ数: 210
被験者数: 6
エキスパート率: 50.0%

z_style (8次元):
       z_style_dim0  z_style_dim1  z_style_dim2  z_style_dim3  z_style_dim4  z_style_dim5  z_style_dim6  z_style_dim7
count    210.000000    210.000000    210.000000    210.000000    210.000000    210.000000    210.000000    210.000000
mean      -0.007353      0.003806      0.003875      0.037159      0.085815     -0.046353     -0.001993      0.044985
std        1.091121      0.934731      1.017527      0.885753      0.946440      0.993599      1.038625      0.983993
min       -2.783490     -2.926605     -2.670456     -2.107044     -2.647300     -2.553892     -3.298680     -2.421000
25%       -0.736705     -0.686576     -0.609811     -0.533965     -0.530392     -0.753239     -0.571844     -0.609607
50%        0.025006      0.038629      0.068873     -0.037258      0.098090      0.116757     -0.026395     -0.003241
75%        0.615080      0.634139      0.630886      0.643000      0.711991      0.669573      0.697030      0.722682
max        3.498636      2.516560      2.765880      2.364882      2.616931      2.553031      2.468492      2.646260

z_skill (16次元):
       z_skill_dim0  z_skill_dim1  z_skill_dim2  z_skill_dim3  z_skill_dim4  z_skill_dim5  z_skill_dim6  z_skill_dim7  z_skill_dim8  z_skill_dim9  z_skill_dim10  z_skill_dim11  z_skill_dim12  z_skill_dim13  z_skill_dim14  z_skill_dim15
count    210.000000    210.000000    210.000000    210.000000    210.000000    210.000000    210.000000    210.000000    210.000000    210.000000     210.000000     210.000000     210.000000     210.000000     210.000000     210.000000
mean      -0.049052     -0.017447      0.012942      0.011432      0.135813     -0.145563      0.010669      0.040309      0.072439     -0.058564      -0.127478      -0.044309      -0.007281      -0.093023      -0.010336       0.003265
std        1.092989      0.980985      0.969414      0.922223      0.891050      0.940872      0.932241      0.955625      1.052696      0.978445       1.043679       0.917379       1.014914       0.922723       0.895619       0.979638
min       -3.551431     -4.334594     -3.574320     -2.136230     -2.216958     -2.530341     -2.011753     -2.727466     -2.444004     -2.538671      -3.313450      -2.353807      -3.107948      -2.831620      -2.439362      -2.484958
25%       -0.726791     -0.621282     -0.550046     -0.547849     -0.467666     -0.845327     -0.624466     -0.539626     -0.582770     -0.686945      -0.883304      -0.719864      -0.687227      -0.756384      -0.649687      -0.729835
50%       -0.126799     -0.122484     -0.026789     -0.002232      0.098186     -0.094982     -0.036278      0.040452      0.102586     -0.049160      -0.096374      -0.100810       0.007238      -0.068917       0.025483       0.041492
75%        0.665371      0.562352      0.544423      0.561372      0.774146      0.458122      0.709248      0.694560      0.665152      0.634121       0.562218       0.664512       0.698200       0.557322       0.621858       0.707287
max        3.072668      2.687027      3.137148      2.879052      2.133229      2.734164      2.790747      2.424621      3.504353      2.329919       3.057994       2.035299       2.544123       2.858990       2.270048       2.639216

z_primitive (32次元):
       z_primitive_dim0  z_primitive_dim1  z_primitive_dim2  z_primitive_dim3  z_primitive_dim4  z_primitive_dim5  z_primitive_dim6  z_primitive_dim7  z_primitive_dim8  z_primitive_dim9  z_primitive_dim10  z_primitive_dim11  z_primitive_dim12  z_primitive_dim13  z_primitive_dim14  z_primitive_dim15  z_primitive_dim16  z_primitive_dim17  z_primitive_dim18  z_primitive_dim19  z_primitive_dim20  z_primitive_dim21  z_primitive_dim22  z_primitive_dim23  z_primitive_dim24  z_primitive_dim25  z_primitive_dim26  z_primitive_dim27  z_primitive_dim28  z_primitive_dim29  z_primitive_dim30  z_primitive_dim31
count        210.000000        210.000000        210.000000        210.000000        210.000000        210.000000        210.000000        210.000000        210.000000        210.000000         210.000000         210.000000         210.000000         210.000000         210.000000         210.000000         210.000000         210.000000         210.000000         210.000000         210.000000         210.000000         210.000000         210.000000         210.000000         210.000000         210.000000         210.000000         210.000000         210.000000         210.000000         210.000000
mean          -0.030718          0.043215         -0.090020          0.269142         -0.014390         -0.188318         -0.194331         -0.094008         -0.049776         -0.041289           0.148877          -0.082972          -0.227217          -0.178972           0.005738           0.124644          -0.172286           0.104565           0.161022          -0.147225           0.118864          -0.188337           0.227876          -0.103618          -0.154123           0.496576           0.294509           0.001972          -0.048216          -0.015130          -0.189741          -0.001344
std            0.383711          0.402934          0.401922          0.417259          0.378957          0.415740          0.360671          0.393354          0.366483          0.371764           0.386227           0.376259           0.390689           0.398297           0.390130           0.435913           0.373027           0.395310           0.390976           0.398718           0.399314           0.372869           0.352951           0.360196           0.373608           0.393447           0.412030           0.376164           0.373362           0.408506           0.338341           0.431733
min           -1.276132         -0.938429         -1.449259         -1.026345         -1.040773         -1.245994         -1.086335         -1.124981         -0.985327         -0.898726          -1.085984          -0.904990          -1.240459          -1.265345          -1.164279          -1.347777          -1.080541          -1.015229          -1.045312          -1.315416          -1.165130          -1.022641          -0.682546          -0.914340          -1.402171          -0.783135          -0.986461          -1.126920          -1.183910          -1.108968          -1.122210          -0.945825
25%           -0.270141         -0.252016         -0.333400          0.010623         -0.254858         -0.454507         -0.440286         -0.378296         -0.285394         -0.295050          -0.097895          -0.365234          -0.496048          -0.411900          -0.257979          -0.198191          -0.454409          -0.157539          -0.106792          -0.393647          -0.180151          -0.419359          -0.008799          -0.355572          -0.396468           0.247107           0.077992          -0.277889          -0.291257          -0.275596          -0.420164          -0.239567
50%           -0.053338          0.011952         -0.080956          0.283527         -0.009737         -0.172089         -0.166633         -0.093090         -0.061719         -0.042631           0.142194          -0.121035          -0.205544          -0.198870           0.025724           0.149155          -0.155879           0.136434           0.162079          -0.157015           0.131434          -0.212454           0.229423          -0.124922          -0.152412           0.513123           0.283217           0.010364          -0.028790          -0.001061          -0.188886          -0.003276
75%            0.226630          0.352246          0.171318          0.523647          0.230669          0.074946          0.062048          0.162653          0.188102          0.181753           0.438332           0.156734           0.071128           0.074093           0.271227           0.427233           0.104855           0.377258           0.424591           0.141113           0.433191           0.041861           0.457227           0.120982           0.082382           0.768824           0.552340           0.265240           0.186571           0.284061           0.057671           0.269535
max            0.954356          1.194330          1.113371          1.262816          1.045451          1.310762          0.697806          1.128863          1.200452          1.058993           1.223832           0.938300           0.590330           1.020502           1.073309           1.343473           0.731480           1.079677           1.350048           0.858500           1.048837           0.911625           1.178898           1.299717           0.848669           1.438999           1.459092           1.108021           1.080191           0.911090           0.641701           1.198893

