階層型VAE潜在表現サマリー
==================================================

データ数: 210
被験者数: 6
エキスパート率: 50.0%

z_style (8次元):
       z_style_dim0  z_style_dim1  z_style_dim2  z_style_dim3  z_style_dim4  z_style_dim5  z_style_dim6  z_style_dim7
count    210.000000    210.000000    210.000000    210.000000    210.000000    210.000000    210.000000    210.000000
mean       0.070567      0.018614     -0.001118     -0.124504     -0.064465     -0.113238     -0.025248     -0.013961
std        1.007015      0.938913      1.040464      0.977210      0.951737      1.065056      0.972452      1.034508
min       -2.755685     -2.362322     -2.898189     -2.698714     -3.767648     -3.416161     -3.053253     -3.041006
25%       -0.573988     -0.547502     -0.696183     -0.749761     -0.703224     -0.801885     -0.745616     -0.698407
50%        0.036874      0.143009     -0.030758     -0.207868      0.010936     -0.066340     -0.075010      0.040640
75%        0.698063      0.652960      0.620009      0.547111      0.590600      0.583427      0.646565      0.689912
max        3.436743      2.693367      2.721177      3.202890      2.104889      2.365739      2.469269      2.215548

z_skill (16次元):
       z_skill_dim0  z_skill_dim1  z_skill_dim2  z_skill_dim3  z_skill_dim4  z_skill_dim5  z_skill_dim6  z_skill_dim7  z_skill_dim8  z_skill_dim9  z_skill_dim10  z_skill_dim11  z_skill_dim12  z_skill_dim13  z_skill_dim14  z_skill_dim15
count    210.000000    210.000000    210.000000    210.000000    210.000000    210.000000    210.000000    210.000000    210.000000    210.000000     210.000000     210.000000     210.000000     210.000000     210.000000     210.000000
mean       0.014233     -0.101035      0.012110     -0.159494     -0.059530     -0.052803      0.041384      0.013110      0.032307      0.075015       0.078816       0.070677       0.016658       0.043220      -0.032121       0.015193
std        0.994771      1.031765      1.046666      1.030940      0.969923      1.022677      0.960675      0.943131      0.979872      0.968501       0.959210       0.969005       0.985673       0.950525       0.925134       0.960940
min       -2.515997     -2.825141     -2.728483     -3.235751     -3.146098     -3.102048     -2.104228     -2.550608     -3.306855     -2.466954      -3.085925      -2.755751      -3.188943      -2.761920      -2.197154      -2.290768
25%       -0.678290     -0.707862     -0.664492     -0.920801     -0.761040     -0.705453     -0.633545     -0.658393     -0.590235     -0.490635      -0.555065      -0.557331      -0.674452      -0.538780      -0.629182      -0.608739
50%       -0.020438     -0.068486      0.128956     -0.132847      0.030318     -0.021429      0.133751      0.077759      0.094820      0.045636       0.056172       0.105672       0.070630       0.118019      -0.033059       0.045399
75%        0.643041      0.576960      0.757997      0.509620      0.615138      0.490256      0.593449      0.593126      0.666382      0.746704       0.755636       0.725838       0.720298       0.690717       0.583220       0.650527
max        2.631527      2.362215      3.401504      2.270786      3.014408      2.804403      2.812325      2.936324      2.762914      2.844036       2.338487       2.858714       2.308885       2.732701       2.875252       2.643990

z_primitive (32次元):
       z_primitive_dim0  z_primitive_dim1  z_primitive_dim2  z_primitive_dim3  z_primitive_dim4  z_primitive_dim5  z_primitive_dim6  z_primitive_dim7  z_primitive_dim8  z_primitive_dim9  z_primitive_dim10  z_primitive_dim11  z_primitive_dim12  z_primitive_dim13  z_primitive_dim14  z_primitive_dim15  z_primitive_dim16  z_primitive_dim17  z_primitive_dim18  z_primitive_dim19  z_primitive_dim20  z_primitive_dim21  z_primitive_dim22  z_primitive_dim23  z_primitive_dim24  z_primitive_dim25  z_primitive_dim26  z_primitive_dim27  z_primitive_dim28  z_primitive_dim29  z_primitive_dim30  z_primitive_dim31
count        210.000000        210.000000        210.000000        210.000000        210.000000        210.000000        210.000000        210.000000        210.000000        210.000000         210.000000         210.000000         210.000000         210.000000         210.000000         210.000000         210.000000         210.000000         210.000000         210.000000         210.000000         210.000000         210.000000         210.000000         210.000000         210.000000         210.000000         210.000000         210.000000         210.000000         210.000000         210.000000
mean          -0.108199         -0.033195          0.299331          0.222380         -0.057298         -0.218808         -0.149767         -0.537655          0.029830          0.043454           0.141025           0.161606          -0.114729          -0.103989           0.077547          -0.079489          -0.129427          -0.107993          -0.321774           0.305772          -0.153015           0.394214           0.012899          -0.019900          -0.218407          -0.037329          -0.151085          -0.110306           0.078883           0.154434          -0.049719           0.201228
std            0.375628          0.356715          0.382709          0.417049          0.395790          0.388463          0.376499          0.384365          0.387818          0.412235           0.378136           0.382831           0.369911           0.378166           0.383323           0.410925           0.399791           0.378929           0.375109           0.370114           0.358615           0.409059           0.397780           0.423198           0.394274           0.355879           0.376954           0.431635           0.393551           0.394202           0.421772           0.421165
min           -1.151761         -0.957632         -1.079117         -0.637476         -1.354726         -1.266715         -1.244966         -1.526096         -1.095270         -1.036280          -0.752186          -0.971974          -1.239187          -1.324519          -0.978217          -1.102070          -1.261540          -1.179347          -1.506004          -0.576247          -1.022146          -0.884805          -0.956793          -1.059278          -1.531490          -1.143280          -1.320579          -1.071181          -1.040837          -1.008036          -1.195645          -0.970293
25%           -0.397220         -0.256901          0.043198         -0.090942         -0.312871         -0.480287         -0.387738         -0.778036         -0.215202         -0.235271          -0.121692          -0.072017          -0.352106          -0.340869          -0.163457          -0.337310          -0.431155          -0.360256          -0.584778           0.080391          -0.405188           0.126883          -0.296085          -0.322807          -0.492398          -0.266534          -0.391437          -0.382378          -0.215350          -0.078995          -0.351193          -0.056423
50%           -0.089523         -0.017108          0.313481          0.237471         -0.064876         -0.208581         -0.143892         -0.531241          0.040355          0.072651           0.163509           0.151949          -0.073675          -0.131498           0.048154          -0.075586          -0.177264          -0.123503          -0.306163           0.301872          -0.147432           0.392986          -0.031244          -0.054789          -0.251420          -0.062986          -0.129458          -0.144559           0.089681           0.117462          -0.069557           0.185626
75%            0.144206          0.217226          0.543136          0.521261          0.212332          0.049978          0.085025         -0.302362          0.288692          0.301491           0.414338           0.407026           0.158974           0.135269           0.383154           0.171337           0.133731           0.109808          -0.077555           0.557171           0.079019           0.660982           0.257966           0.265725           0.060679           0.217075           0.094691           0.194657           0.320190           0.413723           0.250037           0.500404
max            1.039309          0.874111          1.259077          1.339273          0.766260          0.796642          0.783964          0.610022          1.169419          1.117138           1.349170           1.261219           0.797480           1.102206           1.299146           1.200214           0.947126           0.919202           0.644505           1.277778           0.986274           1.417789           1.008327           1.215515           1.205950           0.898951           0.803209           1.079514           1.477101           1.394582           1.011109           1.435729

