階層型VAE潜在表現サマリー
==================================================

データ数: 210
被験者数: 6
エキスパート率: 50.0%

z_style (8次元):
       z_style_dim0  z_style_dim1  z_style_dim2  z_style_dim3  z_style_dim4  z_style_dim5  z_style_dim6  z_style_dim7
count    210.000000    210.000000    210.000000    210.000000    210.000000    210.000000    210.000000    210.000000
mean       0.034381     -0.040897     -0.033460      0.069730      0.022710      0.038230      0.048829      0.017053
std        0.961569      1.040905      1.065015      1.029594      0.926852      1.042581      1.057184      0.952219
min       -2.740111     -2.722343     -3.655836     -3.567610     -1.810696     -3.298928     -2.733171     -3.118097
25%       -0.595634     -0.715311     -0.660353     -0.649764     -0.608362     -0.544507     -0.710080     -0.626534
50%        0.040104     -0.009434     -0.033638     -0.069566     -0.103722      0.053421      0.060426      0.053107
75%        0.669253      0.560457      0.680170      0.797722      0.764650      0.667333      0.924978      0.563548
max        2.653078      3.032419      3.062508      3.029745      2.976839      2.911912      3.098951      2.930865

z_skill (16次元):
       z_skill_dim0  z_skill_dim1  z_skill_dim2  z_skill_dim3  z_skill_dim4  z_skill_dim5  z_skill_dim6  z_skill_dim7  z_skill_dim8  z_skill_dim9  z_skill_dim10  z_skill_dim11  z_skill_dim12  z_skill_dim13  z_skill_dim14  z_skill_dim15
count    210.000000    210.000000    210.000000    210.000000    210.000000    210.000000    210.000000    210.000000    210.000000    210.000000     210.000000     210.000000     210.000000     210.000000     210.000000     210.000000
mean       0.001674     -0.058795     -0.128803      0.128719     -0.072242      0.040916      0.083180      0.069051      0.125048     -0.060330       0.002563      -0.069972      -0.106379      -0.121607      -0.016386      -0.137876
std        1.072796      0.985773      0.940625      0.937642      1.016423      0.974724      1.018460      0.945166      1.039557      0.932918       1.108632       1.064645       0.990692       0.952719       0.913728       0.860822
min       -3.379275     -3.011267     -2.151445     -2.236899     -3.278348     -3.077160     -2.723223     -2.594220     -2.970545     -2.603981      -2.765298      -3.076340      -2.977813      -2.979796      -2.561085      -2.420994
25%       -0.682228     -0.723667     -0.686743     -0.546287     -0.708186     -0.645436     -0.572149     -0.554318     -0.553418     -0.715452      -0.722001      -0.716265      -0.671376      -0.776401      -0.639468      -0.739026
50%       -0.008301     -0.099943     -0.139140      0.097980     -0.062094      0.072241      0.003408      0.043567      0.191518     -0.092894      -0.001890      -0.137798      -0.126989      -0.166037      -0.000956      -0.075661
75%        0.741360      0.584989      0.493896      0.712274      0.552031      0.654477      0.748913      0.662509      0.854591      0.513636       0.718873       0.635746       0.502638       0.456611       0.635662       0.479568
max        2.648881      2.309136      3.808319      3.164436      2.879282      2.688550      2.731657      2.413028      2.781278      2.741019       3.361983       3.526714       2.928799       2.411040       2.406795       2.391405

z_primitive (32次元):
       z_primitive_dim0  z_primitive_dim1  z_primitive_dim2  z_primitive_dim3  z_primitive_dim4  z_primitive_dim5  z_primitive_dim6  z_primitive_dim7  z_primitive_dim8  z_primitive_dim9  z_primitive_dim10  z_primitive_dim11  z_primitive_dim12  z_primitive_dim13  z_primitive_dim14  z_primitive_dim15  z_primitive_dim16  z_primitive_dim17  z_primitive_dim18  z_primitive_dim19  z_primitive_dim20  z_primitive_dim21  z_primitive_dim22  z_primitive_dim23  z_primitive_dim24  z_primitive_dim25  z_primitive_dim26  z_primitive_dim27  z_primitive_dim28  z_primitive_dim29  z_primitive_dim30  z_primitive_dim31
count        210.000000        210.000000        210.000000        210.000000        210.000000        210.000000        210.000000        210.000000        210.000000        210.000000         210.000000         210.000000         210.000000         210.000000         210.000000         210.000000         210.000000         210.000000         210.000000         210.000000         210.000000         210.000000         210.000000         210.000000         210.000000         210.000000         210.000000         210.000000         210.000000         210.000000         210.000000         210.000000
mean          -0.079294          0.042174         -0.150565         -0.155351         -0.026352          0.111562          0.053683         -0.028287          0.098217         -0.140252           0.073943           0.110685           0.142534           0.203133           0.141305           0.189250          -0.065550          -0.189046          -0.187780          -0.051843           0.065803          -0.109155           0.002404          -0.029900          -0.072476          -0.105960          -0.041809           0.038086           0.039354          -0.077409          -0.020866           0.283555
std            0.366557          0.411514          0.422828          0.374171          0.379732          0.382436          0.382703          0.401761          0.418467          0.386185           0.383665           0.402648           0.386074           0.410273           0.385375           0.377350           0.370896           0.404994           0.396275           0.402175           0.385406           0.414062           0.414169           0.401758           0.403139           0.366358           0.411347           0.415145           0.357915           0.365881           0.408261           0.435846
min           -1.224286         -0.977675         -1.299742         -1.208290         -0.960630         -1.108359         -1.163484         -0.968550         -1.177633         -1.222702          -0.869977          -1.050359          -1.038606          -1.115258          -0.921885          -1.052033          -1.030985          -1.312242          -1.410305          -1.167896          -1.008580          -1.176094          -1.183367          -1.015121          -1.306144          -1.212465          -1.228273          -1.138613          -0.864586          -1.205085          -1.244447          -0.913035
25%           -0.341154         -0.242468         -0.434329         -0.426563         -0.273577         -0.168135         -0.169386         -0.322177         -0.165711         -0.369753          -0.150658          -0.125906          -0.120329          -0.101725          -0.137758          -0.080734          -0.324921          -0.466429          -0.462974          -0.286623          -0.215915          -0.397953          -0.254079          -0.306713          -0.345342          -0.343574          -0.314316          -0.191507          -0.223866          -0.328599          -0.303117           0.002278
50%           -0.059573          0.062668         -0.130231         -0.126076         -0.052980          0.115932          0.053397          0.010549          0.069000         -0.132217           0.065461           0.140104           0.146370           0.191660           0.150573           0.188633          -0.080149          -0.137871          -0.170667          -0.014741           0.048180          -0.073695           0.015572          -0.044271          -0.072172          -0.121131          -0.085647           0.030904           0.087272          -0.070789           0.013914           0.293005
75%            0.202520          0.284277          0.126718          0.121565          0.198453          0.359290          0.275887          0.209107          0.376522          0.119921           0.332751           0.377530           0.427788           0.489305           0.451646           0.436096           0.191107           0.055852           0.078458           0.209170           0.318538           0.226263           0.221335           0.259272           0.194220           0.131606           0.216066           0.328900           0.314886           0.156297           0.256763           0.588432
max            0.766966          1.073134          1.097610          0.860000          1.413939          1.098141          1.135394          0.983348          1.080430          0.824825           1.112319           1.155099           1.215445           1.295565           0.982601           1.588248           0.876831           0.965433           1.053436           1.307130           1.129151           0.816811           1.202085           1.226063           0.990071           0.919898           1.072294           1.154797           0.868196           1.051750           0.857652           1.309974

