階層型VAE潜在表現サマリー
==================================================

データ数: 210
被験者数: 6
エキスパート率: 50.0%

z_style (8次元):
       z_style_dim0  z_style_dim1  z_style_dim2  z_style_dim3  z_style_dim4  z_style_dim5  z_style_dim6  z_style_dim7
count    210.000000    210.000000    210.000000    210.000000    210.000000    210.000000    210.000000    210.000000
mean      -0.023189      0.117310      0.070931     -0.132025      0.080217     -0.011633     -0.081705     -0.070944
std        1.017584      1.098361      1.019056      0.962555      1.088468      1.064907      1.029625      0.980395
min       -2.669491     -3.070923     -2.977926     -2.580844     -2.903998     -2.789795     -3.118395     -3.113496
25%       -0.751948     -0.605229     -0.627514     -0.852417     -0.635661     -0.729867     -0.636447     -0.744990
50%       -0.027586      0.035246     -0.084509     -0.044943     -0.000463     -0.035099     -0.069542     -0.141451
75%        0.696946      0.832367      0.694892      0.496500      0.912935      0.816989      0.665492      0.529625
max        2.297230      3.371582      3.196661      2.512607      3.296205      3.061200      2.346296      2.787170

z_skill (16次元):
       z_skill_dim0  z_skill_dim1  z_skill_dim2  z_skill_dim3  z_skill_dim4  z_skill_dim5  z_skill_dim6  z_skill_dim7  z_skill_dim8  z_skill_dim9  z_skill_dim10  z_skill_dim11  z_skill_dim12  z_skill_dim13  z_skill_dim14  z_skill_dim15
count    210.000000    210.000000    210.000000    210.000000    210.000000    210.000000    210.000000    210.000000    210.000000    210.000000     210.000000     210.000000     210.000000     210.000000     210.000000     210.000000
mean       0.003561     -0.010185      0.061492     -0.067604     -0.025992     -0.008115     -0.056184      0.033211      0.130975     -0.054798       0.056882       0.012250       0.045865      -0.018532       0.035563      -0.043393
std        1.005649      0.997925      1.113399      0.980812      1.035342      1.071114      1.016628      1.039459      0.935548      1.002842       0.964104       1.011739       0.980883       0.962664       0.958009       1.009034
min       -2.091051     -2.671156     -2.806371     -2.659767     -2.693330     -2.801345     -2.531446     -2.958022     -2.424818     -3.563771      -2.582356      -2.721060      -2.842576      -2.224741      -2.685591      -2.654403
25%       -0.683738     -0.682017     -0.779073     -0.685400     -0.702145     -0.630709     -0.888745     -0.559815     -0.550125     -0.726308      -0.603386      -0.679496      -0.627119      -0.665753      -0.570586      -0.722043
50%       -0.036863      0.020769     -0.030015     -0.062518     -0.013685     -0.020201      0.018892      0.029283      0.196314     -0.063404       0.096820      -0.069069       0.079218      -0.002635       0.082101      -0.069927
75%        0.736840      0.683894      0.720666      0.659438      0.654563      0.720663      0.721798      0.715315      0.842402      0.649584       0.707954       0.761479       0.729745       0.569154       0.703503       0.604248
max        2.956144      2.928906      3.293065      2.350049      3.985549      3.621966      2.821813      3.277593      2.387747      2.149795       2.205736       2.474262       2.471905       2.412726       2.295847       2.952208

z_primitive (32次元):
       z_primitive_dim0  z_primitive_dim1  z_primitive_dim2  z_primitive_dim3  z_primitive_dim4  z_primitive_dim5  z_primitive_dim6  z_primitive_dim7  z_primitive_dim8  z_primitive_dim9  z_primitive_dim10  z_primitive_dim11  z_primitive_dim12  z_primitive_dim13  z_primitive_dim14  z_primitive_dim15  z_primitive_dim16  z_primitive_dim17  z_primitive_dim18  z_primitive_dim19  z_primitive_dim20  z_primitive_dim21  z_primitive_dim22  z_primitive_dim23  z_primitive_dim24  z_primitive_dim25  z_primitive_dim26  z_primitive_dim27  z_primitive_dim28  z_primitive_dim29  z_primitive_dim30  z_primitive_dim31
count        210.000000        210.000000        210.000000        210.000000        210.000000        210.000000        210.000000        210.000000        210.000000        210.000000         210.000000         210.000000         210.000000         210.000000         210.000000         210.000000         210.000000         210.000000         210.000000         210.000000         210.000000         210.000000         210.000000         210.000000         210.000000         210.000000         210.000000         210.000000         210.000000         210.000000         210.000000         210.000000
mean           0.239657          0.098319         -0.008976          0.187983          0.076274         -0.123130         -0.041953          0.180912          0.067759         -0.024249          -0.057171          -0.123893          -0.113768           0.075866           0.077222           0.166727          -0.095924           0.136009          -0.019791          -0.057872          -0.249980           0.052258           0.193087          -0.029127           0.150815          -0.064207           0.121761           0.002850           0.017402           0.178129           0.035360           0.191743
std            0.390336          0.398736          0.377287          0.396259          0.414916          0.373097          0.376091          0.399738          0.375637          0.368253           0.397200           0.427273           0.425841           0.402461           0.406411           0.413718           0.354751           0.414254           0.406172           0.389999           0.409785           0.413374           0.389987           0.375211           0.367014           0.356557           0.398316           0.366120           0.373698           0.358729           0.381928           0.371369
min           -0.771921         -1.154952         -1.105972         -0.759481         -0.944662         -1.068925         -1.016282         -0.966157         -0.732359         -0.911850          -1.295143          -1.279412          -1.310549          -1.036328          -0.978584          -1.160971          -1.046082          -0.919121          -1.070948          -0.985902          -1.349541          -1.020140          -0.807807          -1.078430          -0.794842          -1.035045          -1.045725          -0.988651          -1.344573          -0.795294          -0.957694          -0.629676
25%           -0.036208         -0.183729         -0.244220         -0.053053         -0.188045         -0.382933         -0.308727         -0.090421         -0.198928         -0.299160          -0.323034          -0.417919          -0.382824          -0.194588          -0.225719          -0.078386          -0.335883          -0.149334          -0.311380          -0.358625          -0.552599          -0.228333          -0.066108          -0.284126          -0.103709          -0.312126          -0.114364          -0.242293          -0.196439          -0.040187          -0.187034          -0.035310
50%            0.232537          0.100448         -0.004029          0.192690          0.068357         -0.136997         -0.037979          0.175889          0.046253         -0.044870          -0.059135          -0.124233          -0.081969           0.090582           0.062574           0.165718          -0.097701           0.119673           0.009258          -0.032302          -0.229595           0.082319           0.185946           0.002185           0.142775          -0.054654           0.150024          -0.005015           0.045040           0.153327           0.026142           0.175891
75%            0.505536          0.328141          0.181292          0.413395          0.355623          0.154948          0.226663          0.416979          0.367655          0.222121           0.225706           0.196225           0.196824           0.313909           0.401050           0.437191           0.122695           0.459783           0.268459           0.210812           0.023741           0.319729           0.407841           0.210207           0.369158           0.178197           0.377838           0.227105           0.272494           0.425924           0.274550           0.437359
max            1.172546          1.063502          1.064059          1.474530          1.034897          0.839534          0.842454          1.145746          1.135474          0.923514           1.246786           0.898174           1.114877           1.522750           1.193772           1.308187           0.827436           1.234917           0.915932           0.886046           1.015267           1.083526           1.353852           0.980996           1.377203           1.009433           1.213371           1.078108           1.121007           1.348522           1.164320           1.240336

