階層型VAE潜在表現サマリー
==================================================

データ数: 210
被験者数: 6
エキスパート率: 50.0%

z_style (8次元):
       z_style_dim0  z_style_dim1  z_style_dim2  z_style_dim3  z_style_dim4  z_style_dim5  z_style_dim6  z_style_dim7
count    210.000000    210.000000    210.000000    210.000000    210.000000    210.000000    210.000000    210.000000
mean       0.078835     -0.080015     -0.008373      0.048102      0.065413      0.005293     -0.053640      0.044246
std        0.986028      1.016692      0.947690      1.072662      0.986396      1.032551      1.108630      1.023032
min       -2.422587     -3.159831     -2.908758     -2.953964     -2.786828     -2.529802     -3.131135     -4.339218
25%       -0.613485     -0.720986     -0.755118     -0.653761     -0.550765     -0.613258     -0.831341     -0.636405
50%        0.023967     -0.177326     -0.047813      0.067152      0.034379      0.038270     -0.097758      0.060672
75%        0.700929      0.472377      0.740377      0.734658      0.731581      0.748144      0.650585      0.765362
max        2.797602      2.807061      2.300134      2.914847      3.021264      2.863721      2.822586      2.349541

z_skill (16次元):
       z_skill_dim0  z_skill_dim1  z_skill_dim2  z_skill_dim3  z_skill_dim4  z_skill_dim5  z_skill_dim6  z_skill_dim7  z_skill_dim8  z_skill_dim9  z_skill_dim10  z_skill_dim11  z_skill_dim12  z_skill_dim13  z_skill_dim14  z_skill_dim15
count    210.000000    210.000000    210.000000    210.000000    210.000000    210.000000    210.000000    210.000000    210.000000    210.000000     210.000000     210.000000     210.000000     210.000000     210.000000     210.000000
mean       0.016144      0.000572      0.011137     -0.074800     -0.023602     -0.087711     -0.068634     -0.059946     -0.137149     -0.014743      -0.013856       0.034180      -0.008081       0.037036       0.025227      -0.192013
std        0.913043      1.028284      1.052667      0.976438      1.054636      0.997305      1.071016      1.012363      0.997545      1.026045       0.949917       1.038722       1.042570       0.969267       1.044567       0.976089
min       -2.841681     -4.344165     -3.983710     -2.854027     -2.975013     -2.951571     -2.541765     -2.531571     -2.379668     -3.109118      -2.620825      -3.021641      -3.031000      -2.772631      -2.903637      -3.047568
25%       -0.516486     -0.536994     -0.732111     -0.777666     -0.668441     -0.797602     -0.780640     -0.784888     -0.813420     -0.754703      -0.667878      -0.650635      -0.780708      -0.654054      -0.611872      -0.754684
50%        0.042405      0.024004      0.081972     -0.097556     -0.086549      0.001634     -0.013834     -0.017990     -0.133324      0.029503      -0.073074      -0.017873      -0.067525       0.020964      -0.007047      -0.186672
75%        0.670204      0.626101      0.767591      0.594403      0.697116      0.503649      0.527212      0.588849      0.426578      0.709314       0.706707       0.739427       0.748692       0.669917       0.690327       0.469664
max        2.419006      3.190785      2.823988      2.639630      2.244609      3.515929      3.760762      2.736254      2.632757      2.634389       2.251630       2.856944       2.625933       2.987085       2.744473       2.390077

z_primitive (32次元):
       z_primitive_dim0  z_primitive_dim1  z_primitive_dim2  z_primitive_dim3  z_primitive_dim4  z_primitive_dim5  z_primitive_dim6  z_primitive_dim7  z_primitive_dim8  z_primitive_dim9  z_primitive_dim10  z_primitive_dim11  z_primitive_dim12  z_primitive_dim13  z_primitive_dim14  z_primitive_dim15  z_primitive_dim16  z_primitive_dim17  z_primitive_dim18  z_primitive_dim19  z_primitive_dim20  z_primitive_dim21  z_primitive_dim22  z_primitive_dim23  z_primitive_dim24  z_primitive_dim25  z_primitive_dim26  z_primitive_dim27  z_primitive_dim28  z_primitive_dim29  z_primitive_dim30  z_primitive_dim31
count        210.000000        210.000000        210.000000        210.000000        210.000000        210.000000        210.000000        210.000000        210.000000        210.000000         210.000000         210.000000         210.000000         210.000000         210.000000         210.000000         210.000000         210.000000         210.000000         210.000000         210.000000         210.000000         210.000000         210.000000         210.000000         210.000000         210.000000         210.000000         210.000000         210.000000         210.000000         210.000000
mean          -0.043233         -0.164875          0.077908          0.008108         -0.103329          0.282006         -0.007746          0.177292          0.023173          0.213824           0.309295          -0.086489           0.159299           0.077419          -0.024618           0.162489          -0.148215           0.307477           0.031763          -0.119820          -0.062804          -0.050003           0.103415           0.088095           0.383183           0.225683           0.002074          -0.150864           0.310837           0.085812          -0.360487          -0.086263
std            0.384752          0.377973          0.405238          0.381877          0.400411          0.382029          0.380871          0.382159          0.372697          0.420573           0.388844           0.397601           0.390616           0.337929           0.408172           0.447370           0.366583           0.380479           0.409732           0.371501           0.377972           0.419129           0.388609           0.332876           0.374331           0.367644           0.396389           0.417757           0.364429           0.407684           0.381185           0.399420
min           -1.151509         -1.088886         -1.288944         -0.955348         -1.302293         -0.710335         -0.965946         -0.792969         -1.025520         -0.866137          -1.110450          -1.398905          -0.948079          -0.904666          -1.214182          -0.972685          -1.312250          -0.755056          -1.365449          -1.058288          -1.099437          -1.386018          -0.815878          -0.925645          -0.580209          -0.782319          -0.988703          -1.291555          -0.566332          -1.044638          -1.297184          -1.173444
25%           -0.281068         -0.412335         -0.152198         -0.276768         -0.392813          0.012912         -0.281155         -0.104627         -0.219390         -0.073188           0.049471          -0.319562          -0.089557          -0.121037          -0.286458          -0.154890          -0.375806           0.002215          -0.239781          -0.373133          -0.336102          -0.347298          -0.155881          -0.152647           0.129609          -0.017405          -0.279833          -0.443068           0.017402          -0.166799          -0.585101          -0.367676
50%           -0.036431         -0.169441          0.089366          0.006213         -0.088154          0.289789         -0.004420          0.189391         -0.012286          0.220260           0.281271          -0.081063           0.166950           0.090317          -0.025912           0.152610          -0.136141           0.315197           0.053712          -0.131482          -0.095894          -0.041635           0.102833           0.124953           0.369247           0.239718          -0.039104          -0.159756           0.291223           0.076893          -0.345160          -0.102803
75%            0.216467          0.071398          0.341128          0.264167          0.166853          0.562155          0.252614          0.435964          0.258912          0.543772           0.591322           0.186137           0.392447           0.327519           0.241492           0.456907           0.076387           0.574336           0.302548           0.120033           0.184937           0.228424           0.340724           0.330503           0.605507           0.506093           0.321773           0.182526           0.590631           0.357600          -0.115253           0.177168
max            0.863775          0.953048          1.009552          0.950114          0.974397          1.371826          0.906960          1.200810          0.985026          1.367711           1.322705           0.971756           1.236365           0.807822           0.948339           1.406204           1.027676           1.281631           1.269520           0.837119           1.111407           0.950555           1.021228           0.898742           1.512864           1.009957           1.045400           1.098768           1.445445           1.339556           0.519916           1.129701

