階層型VAE潜在表現サマリー
==================================================

データ数: 210
被験者数: 6
エキスパート率: 50.0%

z_style (8次元):
       z_style_dim0  z_style_dim1  z_style_dim2  z_style_dim3  z_style_dim4  z_style_dim5  z_style_dim6  z_style_dim7
count    210.000000    210.000000    210.000000    210.000000    210.000000    210.000000    210.000000    210.000000
mean      -0.134173     -0.147225      0.075738      0.082451     -0.045480     -0.029384      0.133021      0.091349
std        1.020062      0.969365      0.930006      1.100286      0.990543      0.984425      1.017461      1.104392
min       -3.521837     -2.731084     -2.116032     -3.181687     -2.548643     -2.988170     -3.076697     -3.270619
25%       -0.857587     -0.752270     -0.569141     -0.720810     -0.731132     -0.630181     -0.652174     -0.622295
50%       -0.125879     -0.156989      0.038720      0.082947     -0.168586      0.031693      0.174364      0.009667
75%        0.587570      0.556446      0.707961      0.869906      0.710325      0.600474      0.881335      0.934599
max        2.280759      2.711603      2.808224      3.182368      2.974154      3.303277      2.495790      3.271698

z_skill (16次元):
       z_skill_dim0  z_skill_dim1  z_skill_dim2  z_skill_dim3  z_skill_dim4  z_skill_dim5  z_skill_dim6  z_skill_dim7  z_skill_dim8  z_skill_dim9  z_skill_dim10  z_skill_dim11  z_skill_dim12  z_skill_dim13  z_skill_dim14  z_skill_dim15
count    210.000000    210.000000    210.000000    210.000000    210.000000    210.000000    210.000000    210.000000    210.000000    210.000000     210.000000     210.000000     210.000000     210.000000     210.000000     210.000000
mean       0.058533      0.057871     -0.019733      0.029636      0.042960      0.016674     -0.087563      0.046686     -0.079179     -0.080003       0.058560       0.008124      -0.092889      -0.099761       0.063502       0.091956
std        0.961179      0.974821      0.932505      1.002236      1.004143      0.941580      0.953328      1.051889      1.009954      0.985200       1.042885       1.053141       0.967766       0.931031       0.959595       1.014892
min       -2.362282     -3.940013     -2.512713     -3.213207     -2.433927     -2.528539     -2.274006     -2.795147     -3.136354     -3.028270      -2.459374      -2.949119      -2.723216      -3.154973      -2.699220      -2.411287
25%       -0.497550     -0.547580     -0.640236     -0.616376     -0.577800     -0.604088     -0.745070     -0.653251     -0.712809     -0.754371      -0.691315      -0.806181      -0.723780      -0.686901      -0.559181      -0.555911
50%       -0.000773      0.048688     -0.008897     -0.058232      0.089688     -0.048127     -0.074865     -0.016165     -0.124775     -0.060765      -0.004830       0.040327      -0.029043      -0.134417       0.007755       0.034447
75%        0.789994      0.768524      0.636366      0.609280      0.712368      0.657501      0.577188      0.773462      0.547580      0.486872       0.798546       0.740505       0.553360       0.524481       0.712119       0.710204
max        2.721073      2.858416      2.961161      2.903435      2.816492      2.218341      2.583875      4.199114      3.208367      2.305822       2.929255       2.666686       2.723268       2.589109       3.208582       2.702121

z_primitive (32次元):
       z_primitive_dim0  z_primitive_dim1  z_primitive_dim2  z_primitive_dim3  z_primitive_dim4  z_primitive_dim5  z_primitive_dim6  z_primitive_dim7  z_primitive_dim8  z_primitive_dim9  z_primitive_dim10  z_primitive_dim11  z_primitive_dim12  z_primitive_dim13  z_primitive_dim14  z_primitive_dim15  z_primitive_dim16  z_primitive_dim17  z_primitive_dim18  z_primitive_dim19  z_primitive_dim20  z_primitive_dim21  z_primitive_dim22  z_primitive_dim23  z_primitive_dim24  z_primitive_dim25  z_primitive_dim26  z_primitive_dim27  z_primitive_dim28  z_primitive_dim29  z_primitive_dim30  z_primitive_dim31
count        210.000000        210.000000        210.000000        210.000000        210.000000        210.000000        210.000000        210.000000        210.000000        210.000000         210.000000         210.000000         210.000000         210.000000         210.000000         210.000000         210.000000         210.000000         210.000000         210.000000         210.000000         210.000000         210.000000         210.000000         210.000000         210.000000         210.000000         210.000000         210.000000         210.000000         210.000000         210.000000
mean           0.185085         -0.072271         -0.204538         -0.311338         -0.157715         -0.202838         -0.152672          0.214677          0.195220          0.068020           0.194562           0.013131          -0.042400           0.040649           0.020237           0.094727           0.080166           0.200253           0.157678          -0.130152           0.180136           0.085766           0.234598          -0.052836          -0.042249           0.252728          -0.062247          -0.019437          -0.230527           0.135112           0.054852          -0.020828
std            0.353802          0.390236          0.397072          0.387894          0.365936          0.368060          0.366706          0.381322          0.395003          0.362927           0.406549           0.396180           0.357014           0.365951           0.398482           0.413788           0.403363           0.401527           0.409996           0.414263           0.407502           0.404595           0.376026           0.406362           0.402344           0.400029           0.406522           0.403333           0.374890           0.404184           0.404048           0.399027
min           -0.942285         -1.123143         -1.281225         -1.632104         -1.097954         -1.195403         -1.163143         -0.832991         -0.786964         -0.861764          -0.828496          -1.204034          -0.958960          -0.941087          -1.021681          -1.054165          -0.824975          -1.005235          -1.329289          -1.431428          -1.131130          -0.946711          -0.829057          -1.436438          -1.424651          -0.715631          -1.416542          -1.051952          -1.134557          -0.754279          -1.314709          -1.039995
25%           -0.077187         -0.310940         -0.491458         -0.534404         -0.397062         -0.466556         -0.389178         -0.025887         -0.069676         -0.166140          -0.074154          -0.281309          -0.262722          -0.207003          -0.239163          -0.152691          -0.204694          -0.072631          -0.101211          -0.395927          -0.052662          -0.197644          -0.028788          -0.307346          -0.332425           0.002864          -0.310009          -0.300576          -0.471871          -0.161441          -0.153278          -0.306917
50%            0.205175         -0.082840         -0.208199         -0.316492         -0.142748         -0.206390         -0.122442          0.237996          0.157331          0.036200           0.204542           0.014529          -0.064463           0.032584           0.035724           0.116204           0.101900           0.194319           0.163679          -0.115694           0.179192           0.081614           0.264067          -0.047115          -0.045800           0.239256          -0.053033          -0.050245          -0.223858           0.097854           0.041384          -0.039547
75%            0.441126          0.200634          0.043981         -0.057669          0.092291          0.050707          0.111036          0.468235          0.417542          0.310361           0.457762           0.288988           0.229507           0.258250           0.286830           0.364026           0.351407           0.470729           0.447026           0.163598           0.471094           0.364795           0.499566           0.233188           0.193781           0.529227           0.234820           0.246438           0.007017           0.450835           0.327797           0.232258
max            1.213383          0.774705          0.959842          0.844416          0.837288          0.659274          0.994752          1.215025          1.483445          0.984000           1.197215           1.038891           0.872363           0.983237           1.066967           1.042766           1.436977           1.406704           1.565615           1.030096           1.113339           1.421505           1.234331           1.069991           1.014432           1.460543           0.826273           1.142833           0.702827           1.244453           1.439842           1.079073

