1752938963630 1 0
1752938963737 2 1
1752938963830 3 2
1752938963927 4 3
1752938964027 5 4
1752938964135 6 5
1752938964236 7 6
1752938964350 8 7
1752938964456 9 8
1752938964552 10 9
1752938965648 11 10
1752938965745 12 11
1752938965840 13 12
1752938965941 14 13
1752938966037 15 14
1752938966142 16 15
1752938966234 17 16
1752938966328 18 17
1752938966436 19 18
1752938966531 20 19
1752938967532 21 20
1752938967632 22 21
1752938967721 23 22
1752938967825 24 23
1752938967931 25 24
1752938968028 26 25
1752938968139 27 26
1752938968241 28 27
1752938968337 29 28
1752938968435 30 29
1752938969435 31 30
1752938969530 32 31
1752938969634 33 32
1752938969726 34 33
1752938969820 35 34
1752938969912 36 35
1752938970011 37 36
1752938970107 38 37
1752938970201 39 38
1752938970294 40 39
1752938971413 41 40
1752938971539 42 41
1752938971654 43 42
1752938971759 44 43
1752938971874 45 44
1752938971971 46 45
1752938972065 47 46
1752938972164 48 47
1752938972262 49 48
1752938972365 50 49
1752938973371 51 50
1752938973464 52 51
1752938973557 53 52
1752938973655 54 53
1752938973753 55 54
1752938973851 56 55
1752938973954 57 56
1752938974061 58 57
1752938974161 59 58
1752938974258 60 59
1752938975244 61 60
1752938975344 62 61
1752938975454 63 62
1752938975573 64 63
1752938975678 65 64
1752938975778 66 65
1752938975887 67 66
1752938976007 68 67
1752938976114 69 68
1752938976219 70 69
1752938977203 71 70
1752938977297 72 71
1752938977405 73 72
1752938977499 74 73
1752938977609 75 74
1752938977719 76 75
1752938977844 77 76
1752938977948 78 77
1752938978064 79 78
1752938978175 80 79
1752938981746 81 80
1752938981850 82 81
1752938981965 83 82
1752938982085 84 83
1752938982192 85 84
1752938982298 86 85
1752938982406 87 86
1752938982509 88 87
1752938982614 89 88
1752938982720 90 89
1752938983789 91 90
1752938983897 92 91
1752938984006 93 92
1752938984112 94 93
1752938984212 95 94
1752938984308 96 95
1752938984419 97 96
1752938984517 98 97
1752938984620 99 98
1752938984719 100 99
