1752938963630 0.9391275445620219 0
1752938963737 0.867183248202006 1
1752938963830 0.8438475330670675 2
1752938963927 0.7973508238792419 3
1752938964027 0.7712072928746542 4
1752938964135 0.7376864155133566 5
1752938964236 0.7092522978782654 6
1752938964350 0.7085885008176168 7
1752938964456 0.645270029703776 8
1752938964552 0.5984918276468912 9
1752938965648 0.6017805735270182 10
1752938965745 0.5626015067100525 11
1752938965840 0.5663183927536011 12
1752938965941 0.5385361313819885 13
1752938966037 0.4896174470583598 14
1752938966142 0.4817378620306651 15
1752938966234 0.47067352135976154 16
1752938966328 0.527818113565445 17
1752938966436 0.4756847818692525 18
1752938966531 0.434568593899409 19
1752938967532 0.4131995340188344 20
1752938967632 0.42090702056884766 21
1752938967721 0.4055676261583964 22
1752938967825 0.3806493083635966 23
1752938967931 0.4507732888062795 24
1752938968028 0.3786657452583313 25
1752938968139 0.310792143146197 26
1752938968241 0.4175140957037608 27
1752938968337 0.403790146112442 28
1752938968435 0.34252114097277325 29
1752938969435 0.3627512554327647 30
1752938969530 0.4507216016451518 31
1752938969634 0.32552335659662884 32
1752938969726 0.331551452477773 33
1752938969820 0.35930702090263367 34
1752938969912 0.38119494915008545 35
1752938970011 0.3747679094473521 36
1752938970107 0.39380501707394916 37
1752938970201 0.33413976430892944 38
1752938970294 0.33223331967989606 39
1752938971413 0.363030473391215 40
1752938971539 0.4173608124256134 41
1752938971654 0.41080018877983093 42
1752938971759 0.3636159102121989 43
1752938971874 0.37713854511578876 44
1752938971971 0.48475149273872375 45
1752938972065 0.32909172773361206 46
1752938972164 0.33706506093343097 47
1752938972262 0.39742377400398254 48
1752938972365 0.36686400572458905 49
1752938973371 0.4102132221062978 50
1752938973464 0.39994150400161743 51
1752938973557 0.40691569447517395 52
1752938973655 0.35790663957595825 53
1752938973753 0.31735307971636456 54
1752938973851 0.38033660252888996 55
1752938973954 0.5051487982273102 56
1752938974061 0.3462214370568593 57
1752938974161 0.3496670921643575 58
1752938974258 0.3364316721757253 59
1752938975244 0.38401742776234943 60
1752938975344 0.2696949740250905 61
1752938975454 0.37827102343241376 62
1752938975573 0.2573321908712387 63
1752938975678 0.4184245566527049 64
1752938975778 0.32224559783935547 65
1752938975887 0.315445880095164 66
1752938976007 0.36649300654729206 67
1752938976114 0.40065063039461773 68
1752938976219 0.3476991454760234 69
1752938977203 0.40280773242314655 70
1752938977297 0.39881249765555066 71
1752938977405 0.3264742096265157 72
1752938977499 0.3610042333602905 73
1752938977609 0.3164781928062439 74
1752938977719 0.337969849507014 75
1752938977844 0.3750851054986318 76
1752938977948 0.31408361593882245 77
1752938978064 0.4164051314194997 78
1752938978175 0.31073227524757385 79
1752938981746 0.4793490767478943 80
1752938981850 0.3158211906750997 81
1752938981965 0.29370171825091046 82
1752938982085 0.3471311827500661 83
1752938982192 0.3001658618450165 84
1752938982298 0.3287735829750697 85
1752938982406 0.34901679555575055 86
1752938982509 0.3583313226699829 87
1752938982614 0.3093945284684499 88
1752938982720 0.32125439246495563 89
1752938983789 0.29569488763809204 90
1752938983897 0.3447026312351227 91
1752938984006 0.4039689898490906 92
1752938984112 0.3354922781387965 93
1752938984212 0.38580235838890076 94
1752938984308 0.3320883313814799 95
1752938984419 0.392637699842453 96
1752938984517 0.4369811713695526 97
1752938984620 0.30153178175290424 98
1752938984719 0.3505722184975942 99
