一般化座標VAE潜在表現サマリー
==================================================

データ数: 210
被験者数: 6
エキスパート率: 50.0%

z_style (16次元):
       z_style_dim0  z_style_dim1  z_style_dim2  z_style_dim3  z_style_dim4  z_style_dim5  z_style_dim6  z_style_dim7  z_style_dim8  z_style_dim9  z_style_dim10  z_style_dim11  z_style_dim12  z_style_dim13  z_style_dim14  z_style_dim15
count    210.000000    210.000000    210.000000    210.000000    210.000000    210.000000    210.000000    210.000000    210.000000    210.000000     210.000000     210.000000     210.000000     210.000000     210.000000     210.000000
mean      -0.021857      0.005575      0.020149      0.013769     -0.013180     -0.106661      0.088441     -0.200619     -0.028015     -0.026406       0.008367       0.020742       0.052369      -0.038726       0.040281      -0.041989
std        0.896869      1.054484      0.908510      1.004002      1.055815      1.009147      1.094806      1.003145      1.017960      0.916743       1.032764       0.973310       0.918218       1.121344       0.931807       1.018197
min       -2.123281     -2.668674     -2.454137     -2.438993     -2.748009     -2.428377     -2.446662     -3.222069     -2.813286     -3.534440      -3.415151      -2.301257      -2.212352      -4.053567      -2.731233      -3.073267
25%       -0.656009     -0.751978     -0.550593     -0.652538     -0.777588     -0.912930     -0.613955     -0.867660     -0.743100     -0.657079      -0.678368      -0.619375      -0.534357      -0.688061      -0.570330      -0.767596
50%       -0.028783     -0.004754      0.053449      0.012438     -0.015857     -0.095909      0.035231     -0.181970     -0.109317     -0.016319       0.018627      -0.015756       0.034792       0.049010       0.018732      -0.014936
75%        0.627864      0.695974      0.645563      0.710807      0.646288      0.563574      0.837399      0.394527      0.600201      0.581753       0.628907       0.592028       0.614946       0.722666       0.684876       0.589920
max        2.750703      2.812565      2.221216      2.491747      3.089145      2.974951      3.399784      2.268268      3.833527      2.863295       2.820098       2.856114       2.492041       2.623014       2.972281       2.987501

z_skill (32次元):
       z_skill_dim0  z_skill_dim1  z_skill_dim2  z_skill_dim3  z_skill_dim4  z_skill_dim5  z_skill_dim6  z_skill_dim7  z_skill_dim8  z_skill_dim9  z_skill_dim10  z_skill_dim11  z_skill_dim12  z_skill_dim13  z_skill_dim14  z_skill_dim15  z_skill_dim16  z_skill_dim17  z_skill_dim18  z_skill_dim19  z_skill_dim20  z_skill_dim21  z_skill_dim22  z_skill_dim23  z_skill_dim24  z_skill_dim25  z_skill_dim26  z_skill_dim27  z_skill_dim28  z_skill_dim29  z_skill_dim30  z_skill_dim31
count    210.000000    210.000000    210.000000    210.000000    210.000000    210.000000    210.000000    210.000000    210.000000    210.000000     210.000000     210.000000     210.000000     210.000000     210.000000     210.000000     210.000000     210.000000     210.000000     210.000000     210.000000     210.000000     210.000000     210.000000     210.000000     210.000000     210.000000     210.000000     210.000000     210.000000     210.000000     210.000000
mean      -0.182029      0.031921      0.000377     -0.182895     -0.041552      0.084286      0.011490      0.188468      0.004550      0.040817      -0.056678      -0.077332      -0.088576       0.060262       0.024159      -0.010849       0.014114       0.012107      -0.031868      -0.065312       0.041338      -0.141119       0.137133       0.008118      -0.008997       0.157472       0.159397       0.104192      -0.117020       0.019667       0.039945      -0.033113
std        0.935902      0.986959      0.982017      0.942437      0.937505      1.036172      1.001148      0.958170      1.026713      1.009062       1.050062       1.014078       0.910983       0.988597       1.018678       0.983761       0.960143       1.035099       1.025630       1.015780       1.000649       0.928969       0.928305       1.030652       0.932013       0.963863       1.061296       0.898124       1.015609       1.046698       0.941324       0.974308
min       -2.898463     -2.558071     -2.861287     -2.898154     -2.863767     -3.445226     -3.276383     -1.963748     -2.464144     -2.770880      -3.598502      -3.128538      -2.314986      -2.409105      -3.628983      -2.783011      -2.397078      -2.445977      -2.649976      -2.759066      -3.890771      -3.414973      -2.005195      -2.490706      -2.915158      -2.650468      -3.128752      -3.134061      -2.929837      -2.977837      -1.983607      -2.882845
25%       -0.832744     -0.644667     -0.593866     -0.803224     -0.639434     -0.575059     -0.625579     -0.504733     -0.664132     -0.653946      -0.788644      -0.700028      -0.694404      -0.632279      -0.656597      -0.685316      -0.650262      -0.639327      -0.822467      -0.733332      -0.542082      -0.691661      -0.456997      -0.701385      -0.692516      -0.492917      -0.569935      -0.453018      -0.686324      -0.603827      -0.676401      -0.709285
50%       -0.151916     -0.005540      0.063743     -0.194394     -0.160811      0.173165      0.089581      0.091700      0.034990      0.034137      -0.008087      -0.061424      -0.054370       0.070491       0.087233      -0.057185      -0.015585       0.042471      -0.051918      -0.081226       0.095208      -0.232979       0.065820       0.022376      -0.014482       0.098866       0.104606       0.148367      -0.111497      -0.023192       0.011309      -0.005220
75%        0.488302      0.639548      0.591933      0.415360      0.527066      0.781078      0.630736      0.863448      0.606309      0.870105       0.625130       0.533635       0.486726       0.734800       0.664783       0.656362       0.679927       0.744469       0.599678       0.640191       0.687659       0.458993       0.677326       0.660428       0.631291       0.859530       0.864907       0.768740       0.507835       0.717597       0.661654       0.663058
max        2.439099      2.975464      2.555991      2.696244      2.717465      3.109903      2.656828      2.889418      2.519286      3.237892       3.302801       3.016117       2.270601       3.180355       2.392973       2.903990       2.084152       2.747764       3.127961       3.255681       2.891013       1.964461       3.206543       2.549003       2.491140       2.626414       2.622032       2.042886       2.581813       2.855788       3.424760       2.552809

z_primitive (64次元):
       z_primitive_dim0  z_primitive_dim1  z_primitive_dim2  z_primitive_dim3  z_primitive_dim4  z_primitive_dim5  z_primitive_dim6  z_primitive_dim7  z_primitive_dim8  z_primitive_dim9  z_primitive_dim10  z_primitive_dim11  z_primitive_dim12  z_primitive_dim13  z_primitive_dim14  z_primitive_dim15  z_primitive_dim16  z_primitive_dim17  z_primitive_dim18  z_primitive_dim19  z_primitive_dim20  z_primitive_dim21  z_primitive_dim22  z_primitive_dim23  z_primitive_dim24  z_primitive_dim25  z_primitive_dim26  z_primitive_dim27  z_primitive_dim28  z_primitive_dim29  z_primitive_dim30  z_primitive_dim31  z_primitive_dim32  z_primitive_dim33  z_primitive_dim34  z_primitive_dim35  z_primitive_dim36  z_primitive_dim37  z_primitive_dim38  z_primitive_dim39  z_primitive_dim40  z_primitive_dim41  z_primitive_dim42  z_primitive_dim43  z_primitive_dim44  z_primitive_dim45  z_primitive_dim46  z_primitive_dim47  z_primitive_dim48  z_primitive_dim49  z_primitive_dim50  z_primitive_dim51  z_primitive_dim52  z_primitive_dim53  z_primitive_dim54  z_primitive_dim55  z_primitive_dim56  z_primitive_dim57  z_primitive_dim58  z_primitive_dim59  z_primitive_dim60  z_primitive_dim61  z_primitive_dim62  z_primitive_dim63
count        210.000000        210.000000        210.000000        210.000000        210.000000        210.000000        210.000000        210.000000        210.000000        210.000000         210.000000         210.000000         210.000000         210.000000         210.000000         210.000000         210.000000         210.000000         210.000000         210.000000         210.000000         210.000000         210.000000         210.000000         210.000000         210.000000         210.000000         210.000000         210.000000         210.000000         210.000000         210.000000         210.000000         210.000000         210.000000         210.000000         210.000000         210.000000         210.000000         210.000000         210.000000         210.000000         210.000000         210.000000         210.000000         210.000000         210.000000         210.000000         210.000000         210.000000         210.000000         210.000000         210.000000         210.000000         210.000000         210.000000         210.000000         210.000000         210.000000         210.000000         210.000000         210.000000         210.000000         210.000000
mean           0.089154          0.015894          0.014462          0.075834         -0.021611         -0.009787          0.000939          0.144876          0.064245          0.021794           0.025394           0.023709           0.038785           0.081736           0.103695          -0.048847          -0.029958           0.032522          -0.073288          -0.044287          -0.053947          -0.057570          -0.027249          -0.055323          -0.027613          -0.049179          -0.012730           0.056840           0.020565           0.069215           0.025071           0.021006           0.054855           0.071957          -0.015299           0.004491          -0.052642           0.111938           0.015230          -0.015870          -0.064566          -0.022092          -0.016709           0.065657           0.046289           0.007544          -0.043439          -0.022031           0.022518           0.044851           0.017863           0.053184           0.073414          -0.033272           0.075710          -0.032460          -0.027331          -0.034984           0.041107          -0.040100           0.037409          -0.013490          -0.054248          -0.038963
std            0.632960          0.692903          0.600122          0.675787          0.625739          0.659704          0.627672          0.657945          0.572322          0.575792           0.688636           0.606013           0.595203           0.647858           0.623934           0.585517           0.643273           0.639242           0.642536           0.660812           0.592589           0.647002           0.666407           0.650202           0.599824           0.655914           0.644046           0.681071           0.620601           0.605869           0.683853           0.657753           0.683906           0.672662           0.622027           0.654625           0.658795           0.630605           0.656124           0.616742           0.591095           0.728215           0.638273           0.612639           0.602608           0.646563           0.648018           0.599092           0.644666           0.682095           0.653025           0.688398           0.649073           0.631242           0.647590           0.648281           0.664553           0.610003           0.659589           0.636649           0.634711           0.657318           0.636944           0.653940
min           -1.552329         -2.494165         -1.638776         -1.847014         -2.085672         -1.635659         -1.546906         -1.614609         -1.540875         -1.753585          -1.608297          -1.474089          -1.322197          -1.838905          -1.717947          -1.707273          -1.714776          -1.990716          -2.330908          -1.812557          -1.363013          -1.687668          -2.134845          -1.461231          -1.729694          -1.591013          -1.859238          -1.975778          -1.548632          -1.597312          -1.571785          -1.739932          -1.837574          -1.538605          -1.473931          -2.045585          -1.948047          -1.354368          -1.690086          -1.962412          -1.661275          -1.808748          -1.791584          -2.069189          -1.815737          -1.781029          -1.680961          -1.459256          -1.617087          -1.958582          -1.621569          -2.050607          -1.630096          -2.088251          -1.823283          -1.789134          -1.519271          -1.903805          -1.903150          -1.595086          -1.741545          -1.872535          -1.796883          -1.843546
25%           -0.323597         -0.503344         -0.346117         -0.417240         -0.339642         -0.418099         -0.459328         -0.336525         -0.340776         -0.352882          -0.346746          -0.367965          -0.338486          -0.329622          -0.367250          -0.439290          -0.467306          -0.352723          -0.502748          -0.499694          -0.439250          -0.491068          -0.485900          -0.534682          -0.452198          -0.486935          -0.408774          -0.451377          -0.381485          -0.349690          -0.479686          -0.439759          -0.408861          -0.437315          -0.461245          -0.392873          -0.540578          -0.377248          -0.398010          -0.448553          -0.434435          -0.495138          -0.504749          -0.295196          -0.414749          -0.409767          -0.418660          -0.434681          -0.482583          -0.383069          -0.532336          -0.417729          -0.314177          -0.445495          -0.404034          -0.429335          -0.568917          -0.449208          -0.369781          -0.491845          -0.455868          -0.505281          -0.433738          -0.484113
50%            0.066789         -0.058539          0.012460          0.054570         -0.025935         -0.021575         -0.028675          0.116177          0.052220          0.037976           0.027600          -0.021323           0.017343           0.026442           0.094191          -0.041836          -0.020015           0.071731          -0.074072          -0.018818          -0.085117          -0.047627          -0.042948          -0.052606          -0.003655          -0.040096          -0.030383          -0.015431           0.077481           0.129589           0.015955           0.040486           0.051165           0.056340          -0.028487           0.020010           0.005927           0.165481          -0.004348          -0.012483          -0.073938          -0.069310           0.013236           0.097392           0.073556           0.029749          -0.034698          -0.005560           0.000455           0.006747           0.023952           0.045528           0.080736          -0.089437           0.047890          -0.080350          -0.020150          -0.001513           0.017329          -0.052575           0.047412           0.039635          -0.038402          -0.000512
75%            0.505124          0.469929          0.416299          0.547398          0.326408          0.424864          0.513534          0.581530          0.454397          0.388010           0.443808           0.452238           0.441009           0.470829           0.503357           0.326491           0.360088           0.440051           0.391019           0.471270           0.388678           0.384454           0.395859           0.329037           0.363352           0.364016           0.430961           0.542882           0.406707           0.517514           0.550122           0.502142           0.540517           0.522717           0.402787           0.373403           0.405318           0.489657           0.475015           0.435167           0.325086           0.480397           0.439055           0.505468           0.491017           0.415365           0.402084           0.354125           0.433872           0.462026           0.510228           0.572981           0.488671           0.331869           0.546505           0.363488           0.467477           0.382621           0.460736           0.348384           0.472973           0.406171           0.302276           0.355183
max            1.713394          2.593424          2.183949          2.093694          1.637413          2.069721          1.849629          2.058707          1.525707          1.701925           1.734957           1.710425           1.598792           2.074367           1.805758           1.428340           1.744955           1.537742           1.337045           1.689362           1.448263           1.596494           2.386342           2.146544           1.716851           2.340558           1.665828           1.866299           1.572985           1.764062           2.087757           1.769741           1.902617           1.850978           1.656366           1.993789           1.765976           1.760255           2.023229           1.738587           1.518381           2.081242           1.738252           1.720727           1.686128           1.939170           1.519763           1.673281           1.721512           1.872557           1.650846           1.873473           2.134615           2.077976           1.841785           1.839819           1.722491           1.764593           2.079179           2.065545           1.652299           1.555840           1.860366           1.575927

