階層型VAE潜在表現サマリー
==================================================

データ数: 210
被験者数: 6
エキスパート率: 50.0%

z_style (8次元):
       z_style_dim0  z_style_dim1  z_style_dim2  z_style_dim3  z_style_dim4  z_style_dim5  z_style_dim6  z_style_dim7
count    210.000000    210.000000    210.000000    210.000000    210.000000    210.000000    210.000000    210.000000
mean      -0.118885     -0.018714      0.058346      0.054293     -0.041438      0.169010     -0.038595      0.072036
std        0.991005      1.012318      1.059563      1.054026      0.970087      1.003144      1.001155      1.025589
min       -3.252775     -3.346024     -2.542764     -2.552869     -3.258474     -2.457031     -3.072690     -2.219896
25%       -0.704854     -0.691922     -0.707212     -0.560450     -0.735859     -0.550193     -0.682160     -0.643169
50%       -0.025186     -0.022799     -0.013950      0.080567     -0.060455      0.085523     -0.094358      0.091745
75%        0.511156      0.750104      0.711929      0.699719      0.549904      0.864335      0.596130      0.722803
max        2.276779      3.185890      3.123208      3.103022      2.782007      2.693983      2.702608      3.225767

z_skill (16次元):
       z_skill_dim0  z_skill_dim1  z_skill_dim2  z_skill_dim3  z_skill_dim4  z_skill_dim5  z_skill_dim6  z_skill_dim7  z_skill_dim8  z_skill_dim9  z_skill_dim10  z_skill_dim11  z_skill_dim12  z_skill_dim13  z_skill_dim14  z_skill_dim15
count    210.000000    210.000000    210.000000    210.000000    210.000000    210.000000    210.000000    210.000000    210.000000    210.000000     210.000000     210.000000     210.000000     210.000000     210.000000     210.000000
mean       0.081716     -0.041514      0.032909      0.152160      0.092890      0.212648      0.165591     -0.022625     -0.038918     -0.065105      -0.018224      -0.201738       0.057763      -0.041787      -0.049831      -0.009605
std        0.919062      0.964873      0.903751      0.978357      0.957529      1.122383      0.988073      0.961343      0.963623      1.038228       0.997569       0.965683       1.005174       0.980438       0.955045       0.941456
min       -2.620411     -2.859776     -2.873219     -2.687189     -2.341865     -3.937683     -2.237611     -2.909375     -2.727749     -2.474040      -2.978070      -2.730755      -2.779628      -2.597211      -2.581535      -2.369959
25%       -0.599011     -0.663729     -0.490991     -0.529629     -0.568537     -0.498664     -0.479705     -0.634844     -0.765649     -0.700192      -0.603586      -0.779999      -0.668193      -0.674849      -0.680204      -0.643050
50%        0.142941     -0.067727      0.025412      0.150004      0.080355      0.258985      0.147404     -0.022659      0.026481     -0.103592      -0.027311      -0.124192       0.059359      -0.098114      -0.005377       0.051531
75%        0.684552      0.559154      0.623443      0.814870      0.711996      0.811376      0.905611      0.498324      0.707990      0.658886       0.667256       0.443168       0.903489       0.605388       0.627545       0.676666
max        2.083678      2.992040      2.932572      2.641200      2.580117      3.158262      3.385960      3.042231      2.577036      2.916690       2.647738       2.579515       2.395659       2.652523       2.335154       2.772150

z_primitive (32次元):
       z_primitive_dim0  z_primitive_dim1  z_primitive_dim2  z_primitive_dim3  z_primitive_dim4  z_primitive_dim5  z_primitive_dim6  z_primitive_dim7  z_primitive_dim8  z_primitive_dim9  z_primitive_dim10  z_primitive_dim11  z_primitive_dim12  z_primitive_dim13  z_primitive_dim14  z_primitive_dim15  z_primitive_dim16  z_primitive_dim17  z_primitive_dim18  z_primitive_dim19  z_primitive_dim20  z_primitive_dim21  z_primitive_dim22  z_primitive_dim23  z_primitive_dim24  z_primitive_dim25  z_primitive_dim26  z_primitive_dim27  z_primitive_dim28  z_primitive_dim29  z_primitive_dim30  z_primitive_dim31
count        210.000000        210.000000        210.000000        210.000000        210.000000        210.000000        210.000000        210.000000        210.000000        210.000000         210.000000         210.000000         210.000000         210.000000         210.000000         210.000000         210.000000         210.000000         210.000000         210.000000         210.000000         210.000000         210.000000         210.000000         210.000000         210.000000         210.000000         210.000000         210.000000         210.000000         210.000000         210.000000
mean          -0.170121         -0.033026          0.119544          0.129808         -0.155094          0.242009          0.038264         -0.019471          0.097424          0.070414           0.036299           0.186286          -0.074247           0.223276           0.173902          -0.087097          -0.139860          -0.094044          -0.251294           0.035375          -0.117299           0.024652          -0.028447           0.161361          -0.141806          -0.018070          -0.188171           0.047001           0.007010          -0.019639          -0.127679          -0.103246
std            0.425222          0.482162          0.472639          0.462055          0.447656          0.461674          0.468311          0.468664          0.499762          0.465768           0.435849           0.436454           0.445012           0.446714           0.455155           0.417748           0.424348           0.450222           0.452366           0.495773           0.452165           0.490714           0.468831           0.466776           0.452958           0.482073           0.454662           0.471827           0.467724           0.450094           0.487964           0.439744
min           -1.508643         -1.370607         -1.571062         -0.921476         -1.812310         -0.903843         -1.288305         -1.291862         -1.460833         -1.174027          -1.331146          -1.179231          -1.346024          -1.231353          -1.002966          -1.402405          -1.283343          -1.124743          -1.547075          -1.321309          -1.232264          -1.162408          -1.264116          -0.917665          -1.311350          -1.313233          -1.762395          -1.348784          -1.315781          -0.923983          -1.565403          -1.290235
25%           -0.498515         -0.373144         -0.162466         -0.251241         -0.449841         -0.060089         -0.258378         -0.348043         -0.245916         -0.247244          -0.244081          -0.087426          -0.352660          -0.052952          -0.171592          -0.364768          -0.422179          -0.426377          -0.534471          -0.298145          -0.422120          -0.308911          -0.327346          -0.127372          -0.492555          -0.329437          -0.497238          -0.301702          -0.273115          -0.369299          -0.453098          -0.437228
50%           -0.159989         -0.018146          0.147790          0.176122         -0.154003          0.251404          0.028592          0.021998          0.091277          0.069435           0.035529           0.187067          -0.059946           0.205327           0.197234          -0.097970          -0.158320          -0.088695          -0.243557           0.028865          -0.103643          -0.000033          -0.024107           0.153136          -0.166702          -0.024215          -0.183427           0.055543           0.047195          -0.056742          -0.112256          -0.041957
75%            0.114674          0.236893          0.418272          0.487704          0.161174          0.561712          0.326527          0.326753          0.467459          0.401495           0.367799           0.445561           0.205346           0.521642           0.484704           0.226487           0.122153           0.196464          -0.010227           0.344260           0.175439           0.362106           0.259306           0.495194           0.146519           0.280392           0.106427           0.365127           0.285581           0.278910           0.216811           0.184941
max            1.206419          1.188938          1.477468          1.517751          1.069597          1.509176          1.314478          1.107363          1.529037          1.395851           1.004256           1.320242           1.173257           1.256439           1.293305           0.882284           0.940690           1.191601           1.062095           1.476762           0.942665           1.419554           1.161950           1.305781           1.033508           1.289492           0.939415           1.286631           1.480976           1.256339           0.930642           1.152088

