階層型VAE潜在表現サマリー
==================================================

データ数: 210
被験者数: 6
エキスパート率: 50.0%

z_style (8次元):
       z_style_dim0  z_style_dim1  z_style_dim2  z_style_dim3  z_style_dim4  z_style_dim5  z_style_dim6  z_style_dim7
count    210.000000    210.000000    210.000000    210.000000    210.000000    210.000000    210.000000    210.000000
mean      -0.286663      0.161327     -0.135180     -0.021726      0.193646     -0.546753     -0.195360      0.248389
std        0.929066      1.060390      0.944140      0.970158      0.794952      1.115481      1.019505      1.235797
min       -3.006260     -3.821774     -2.492007     -2.768958     -1.745998     -3.601102     -3.179503     -3.454106
25%       -0.865221     -0.455311     -0.769458     -0.715683     -0.325345     -1.386753     -0.859714     -0.454073
50%       -0.262622      0.130988     -0.200817     -0.028267      0.134842     -0.508242     -0.264440      0.320112
75%        0.283705      0.852373      0.587799      0.674353      0.661830      0.197415      0.515367      1.053985
max        2.597548      2.870460      2.408168      2.364133      2.544933      2.712126      2.558925      4.163556

z_skill (16次元):
       z_skill_dim0  z_skill_dim1  z_skill_dim2  z_skill_dim3  z_skill_dim4  z_skill_dim5  z_skill_dim6  z_skill_dim7  z_skill_dim8  z_skill_dim9  z_skill_dim10  z_skill_dim11  z_skill_dim12  z_skill_dim13  z_skill_dim14  z_skill_dim15
count    210.000000    210.000000    210.000000    210.000000    210.000000    210.000000    210.000000    210.000000    210.000000    210.000000     210.000000     210.000000     210.000000     210.000000     210.000000     210.000000
mean       0.746921      1.068015     -0.995775      0.352798      0.086672      0.441648      0.691677      0.438552      0.615675     -0.850093       0.565848       0.364900      -0.498723      -0.494583      -0.608841      -0.188156
std        0.953614      0.966262      1.008709      0.857389      1.150133      0.656910      1.168007      0.987922      0.850728      1.054296       0.806384       0.988031       0.851464       1.523755       0.990651       0.750417
min       -1.727327     -1.841630     -4.260633     -1.604530     -3.903795     -1.140343     -2.411636     -1.719314     -1.940879     -4.085501      -2.084616      -3.119670      -2.612487      -4.602211      -3.532271      -1.836709
25%        0.150321      0.458315     -1.596752     -0.273055     -0.718873      0.002303     -0.051358     -0.279609     -0.008772     -1.499243       0.086628      -0.318981      -1.058390      -1.483673      -1.350530      -0.699255
50%        0.825817      1.162916     -1.019700      0.322398      0.070700      0.422372      0.690968      0.529627      0.642064     -0.940398       0.587327       0.372699      -0.517734      -0.598246      -0.611210      -0.192905
75%        1.351200      1.657161     -0.314634      0.858145      0.939341      0.827316      1.441913      1.043831      1.113137     -0.238045       1.133227       1.051783       0.082355       0.515395       0.118272       0.308928
max        3.186718      4.096217      2.615419      3.755677      3.191593      2.330911      4.206387      3.495400      2.922410      3.967268       2.525547       3.345683       2.390884       3.945676       1.722417       2.373951

z_primitive (32次元):
       z_primitive_dim0  z_primitive_dim1  z_primitive_dim2  z_primitive_dim3  z_primitive_dim4  z_primitive_dim5  z_primitive_dim6  z_primitive_dim7  z_primitive_dim8  z_primitive_dim9  z_primitive_dim10  z_primitive_dim11  z_primitive_dim12  z_primitive_dim13  z_primitive_dim14  z_primitive_dim15  z_primitive_dim16  z_primitive_dim17  z_primitive_dim18  z_primitive_dim19  z_primitive_dim20  z_primitive_dim21  z_primitive_dim22  z_primitive_dim23  z_primitive_dim24  z_primitive_dim25  z_primitive_dim26  z_primitive_dim27  z_primitive_dim28  z_primitive_dim29  z_primitive_dim30  z_primitive_dim31
count        210.000000        210.000000        210.000000        210.000000        210.000000        210.000000        210.000000        210.000000        210.000000        210.000000         210.000000         210.000000         210.000000         210.000000         210.000000         210.000000         210.000000         210.000000         210.000000         210.000000         210.000000         210.000000         210.000000         210.000000         210.000000         210.000000         210.000000         210.000000         210.000000         210.000000         210.000000         210.000000
mean          -0.134555          0.031466          0.077676          0.065648         -0.115332          0.069095          0.056651         -0.129966          0.069306         -0.038380           0.014613           0.083914           0.017846          -0.028290           0.041671          -0.058369           0.120352           0.149647           0.101015          -0.067663          -0.140261           0.142299          -0.315045          -0.122819          -0.207057          -0.189978          -0.027704          -0.051859          -0.116958          -0.151070           0.052159          -0.228038
std            0.407717          0.422886          0.365786          0.371103          0.416330          0.418320          0.437114          0.413367          0.379955          0.399876           0.404180           0.405643           0.420834           0.394333           0.409563           0.391875           0.409514           0.401898           0.386925           0.415582           0.396810           0.387566           0.388645           0.413138           0.388175           0.389019           0.423986           0.387307           0.423101           0.390848           0.386523           0.390830
min           -1.107519         -0.985800         -1.104963         -0.881798         -1.334652         -1.247123         -1.218527         -1.354029         -0.934534         -1.231640          -1.129796          -0.950361          -1.224131          -1.271924          -1.152627          -0.983180          -0.990785          -1.056952          -0.768789          -1.021113          -1.232337          -0.801504          -1.495119          -1.112945          -1.381881          -1.344718          -1.173452          -1.029188          -1.467599          -1.420525          -0.871511          -1.108067
25%           -0.408355         -0.258942         -0.157168         -0.174907         -0.388759         -0.222317         -0.228589         -0.417122         -0.158602         -0.250394          -0.238939          -0.214450          -0.276241          -0.284412          -0.175791          -0.296466          -0.170038          -0.112762          -0.168961          -0.385422          -0.395745          -0.088439          -0.582027          -0.443835          -0.445838          -0.469616          -0.309053          -0.279567          -0.396149          -0.410948          -0.226445          -0.538043
50%           -0.167476          0.023098          0.099001          0.077219         -0.126355          0.039208          0.069136         -0.127869          0.054059         -0.027629           0.018015           0.033507           0.023227          -0.036798           0.057444          -0.046601           0.134256           0.162690           0.116224          -0.076521          -0.134821           0.156362          -0.331114          -0.101797          -0.240908          -0.212012          -0.014323          -0.069034          -0.098346          -0.187518           0.063208          -0.238472
75%            0.174191          0.303835          0.288979          0.312923          0.244251          0.295033          0.352873          0.145353          0.329830          0.207469           0.266957           0.375984           0.296453           0.212543           0.271684           0.193710           0.395079           0.408427           0.344215           0.273994           0.117715           0.382808          -0.058609           0.195219           0.067054           0.072240           0.236222           0.166983           0.186465           0.133467           0.302089           0.057516
max            0.951121          1.013626          1.044480          1.126664          0.914998          1.363069          1.112156          0.961350          1.042454          1.009043           1.066925           1.134178           1.474263           1.003107           1.370344           1.046103           1.246572           1.248293           0.957752           1.054107           0.832698           1.126500           0.754653           0.797796           0.787062           0.911730           1.221925           1.442633           0.790813           0.799811           1.492105           0.764145

