階層型VAE潜在表現サマリー
==================================================

データ数: 210
被験者数: 6
エキスパート率: 50.0%

z_style (8次元):
       z_style_dim0  z_style_dim1  z_style_dim2  z_style_dim3  z_style_dim4  z_style_dim5  z_style_dim6  z_style_dim7
count    210.000000    210.000000    210.000000    210.000000    210.000000    210.000000    210.000000    210.000000
mean       0.095663      0.086630      0.067751     -0.004808     -0.043210      0.019088     -0.016956     -0.071133
std        1.021849      0.997256      0.980633      1.089375      1.022961      0.981940      1.055081      1.012069
min       -2.188314     -2.607817     -3.018167     -3.035383     -3.116265     -2.558524     -2.750394     -2.797055
25%       -0.507675     -0.650147     -0.639622     -0.766767     -0.686860     -0.645269     -0.768192     -0.792198
50%       -0.013806      0.022817      0.005788     -0.051514      0.013241      0.024419     -0.006664     -0.119199
75%        0.749689      0.769642      0.763537      0.799294      0.569701      0.691279      0.705514      0.630679
max        3.126004      3.453620      2.834625      3.077004      2.785873      2.782022      2.446760      2.784038

z_skill (16次元):
       z_skill_dim0  z_skill_dim1  z_skill_dim2  z_skill_dim3  z_skill_dim4  z_skill_dim5  z_skill_dim6  z_skill_dim7  z_skill_dim8  z_skill_dim9  z_skill_dim10  z_skill_dim11  z_skill_dim12  z_skill_dim13  z_skill_dim14  z_skill_dim15
count    210.000000    210.000000    210.000000    210.000000    210.000000    210.000000    210.000000    210.000000    210.000000    210.000000     210.000000     210.000000     210.000000     210.000000     210.000000     210.000000
mean      -0.084055     -0.093045     -0.005277      0.140704      0.033708      0.138162     -0.023854     -0.055756      0.027318      0.084806       0.103871       0.035680       0.052827      -0.097186       0.068499      -0.097366
std        0.953194      1.034274      0.939058      1.005259      1.012796      1.042324      1.046435      1.005948      1.023543      0.936909       1.028816       1.111530       1.028543       1.066259       0.971738       0.891701
min       -2.482243     -3.410257     -3.443996     -2.396318     -2.942318     -2.685819     -2.374467     -2.707077     -3.290295     -2.886734      -2.715538      -3.355097      -2.458906      -2.830126      -2.194991      -2.755902
25%       -0.809782     -0.768058     -0.624958     -0.473891     -0.606067     -0.580237     -0.746408     -0.710631     -0.620479     -0.536557      -0.609720      -0.683206      -0.659344      -0.833223      -0.600480      -0.698329
50%       -0.070254     -0.090945     -0.012609      0.005168      0.009767      0.141155     -0.081183     -0.142718      0.093723      0.056624       0.051402       0.061211      -0.070157      -0.096381       0.043228      -0.071542
75%        0.578279      0.599290      0.662770      0.863118      0.703850      0.826943      0.712581      0.627929      0.707271      0.727199       0.798826       0.688977       0.673123       0.576391       0.832346       0.477090
max        2.925745      2.663169      1.879013      2.690738      3.304910      3.151977      2.813535      2.356303      2.495540      2.288900       3.351843       3.272300       2.910974       2.738758       2.574164       2.558017

z_primitive (32次元):
       z_primitive_dim0  z_primitive_dim1  z_primitive_dim2  z_primitive_dim3  z_primitive_dim4  z_primitive_dim5  z_primitive_dim6  z_primitive_dim7  z_primitive_dim8  z_primitive_dim9  z_primitive_dim10  z_primitive_dim11  z_primitive_dim12  z_primitive_dim13  z_primitive_dim14  z_primitive_dim15  z_primitive_dim16  z_primitive_dim17  z_primitive_dim18  z_primitive_dim19  z_primitive_dim20  z_primitive_dim21  z_primitive_dim22  z_primitive_dim23  z_primitive_dim24  z_primitive_dim25  z_primitive_dim26  z_primitive_dim27  z_primitive_dim28  z_primitive_dim29  z_primitive_dim30  z_primitive_dim31
count        210.000000        210.000000        210.000000        210.000000        210.000000        210.000000        210.000000        210.000000        210.000000        210.000000         210.000000         210.000000         210.000000         210.000000         210.000000         210.000000         210.000000         210.000000         210.000000         210.000000         210.000000         210.000000         210.000000         210.000000         210.000000         210.000000         210.000000         210.000000         210.000000         210.000000         210.000000         210.000000
mean          -0.114542          0.115510         -0.031484         -0.049073          0.053888         -0.430609         -0.274184         -0.014294          0.094760          0.054092          -0.125683           0.027021           0.082342          -0.090963          -0.101307           0.195732           0.127744           0.012555          -0.229452          -0.153447           0.170713           0.028716          -0.066798           0.002091          -0.073139           0.039333          -0.054898           0.216094           0.035490           0.196008          -0.018983          -0.279601
std            0.369709          0.438553          0.418800          0.409874          0.413089          0.380622          0.426342          0.367395          0.405338          0.385233           0.387662           0.390344           0.412401           0.422944           0.419518           0.391951           0.354103           0.384811           0.374270           0.389122           0.390905           0.387422           0.470509           0.389706           0.434065           0.377760           0.402160           0.404135           0.410616           0.400451           0.435392           0.393443
min           -1.114573         -1.025146         -1.126874         -1.167992         -0.920365         -1.401075         -1.595449         -1.054598         -1.182233         -1.081679          -1.507614          -1.111151          -1.085562          -1.280022          -1.147915          -0.875551          -0.693887          -1.099783          -1.150128          -1.016074          -1.007986          -1.014606          -1.424426          -1.299962          -1.064159          -0.833636          -0.901729          -0.822407          -1.066671          -0.827836          -1.177505          -1.332612
25%           -0.355249         -0.150480         -0.304576         -0.300240         -0.211456         -0.682916         -0.585411         -0.275313         -0.187218         -0.180832          -0.345803          -0.233804          -0.233289          -0.402560          -0.392989          -0.050584          -0.127199          -0.224235          -0.478929          -0.422352          -0.059526          -0.251878          -0.399932          -0.261545          -0.332947          -0.199968          -0.364998          -0.067338          -0.228405          -0.094899          -0.342337          -0.530459
50%           -0.119876          0.143684          0.008361         -0.063912          0.025126         -0.412204         -0.238557         -0.005554          0.130409          0.041024          -0.140283           0.027875           0.082198          -0.111817          -0.107232           0.178235           0.117066           0.008877          -0.235879          -0.154791           0.167642           0.008659          -0.087948          -0.002834          -0.117786           0.060611          -0.022246           0.201230           0.062967           0.207105          -0.010096          -0.269922
75%            0.158917          0.375365          0.270611          0.163815          0.302781         -0.139234          0.006750          0.249276          0.380574          0.290988           0.149399           0.298215           0.365367           0.213384           0.198327           0.448475           0.339935           0.254553          -0.006833           0.091801           0.428741           0.304497           0.232977           0.248150           0.251718           0.277654           0.216563           0.471951           0.303013           0.463821           0.275901          -0.030406
max            0.918525          1.410084          1.082107          1.229843          1.304174          0.532307          0.792244          1.032995          0.944047          1.201375           0.799392           1.023422           1.109493           1.168142           0.968185           1.295247           1.211925           1.285001           0.960324           1.171904           1.162320           0.965478           1.374279           0.963149           1.272180           1.042739           1.054582           1.403914           1.071346           1.289222           0.976128           0.760631

