階層型VAE潜在表現サマリー
==================================================

データ数: 210
被験者数: 6
エキスパート率: 50.0%

z_style (8次元):
       z_style_dim0  z_style_dim1  z_style_dim2  z_style_dim3  z_style_dim4  z_style_dim5  z_style_dim6  z_style_dim7
count    210.000000    210.000000    210.000000    210.000000    210.000000    210.000000    210.000000    210.000000
mean      -0.002042     -0.048858     -0.051395     -0.093936     -0.045362      0.031145     -0.046983     -0.016459
std        0.973525      1.016876      1.001948      0.982310      0.954190      1.020126      0.982948      0.957785
min       -2.807773     -3.644598     -3.430789     -2.669386     -2.233029     -2.312563     -2.398548     -2.365300
25%       -0.584060     -0.722972     -0.661713     -0.735690     -0.705384     -0.736728     -0.687480     -0.704589
50%        0.007345      0.027591     -0.063057     -0.071071      0.035521      0.037841     -0.054019     -0.094812
75%        0.631944      0.532504      0.668374      0.587018      0.578732      0.732503      0.664334      0.528379
max        2.169930      3.077917      2.712325      2.809591      2.331915      2.709694      2.296520      2.736140

z_skill (16次元):
       z_skill_dim0  z_skill_dim1  z_skill_dim2  z_skill_dim3  z_skill_dim4  z_skill_dim5  z_skill_dim6  z_skill_dim7  z_skill_dim8  z_skill_dim9  z_skill_dim10  z_skill_dim11  z_skill_dim12  z_skill_dim13  z_skill_dim14  z_skill_dim15
count    210.000000    210.000000    210.000000    210.000000    210.000000    210.000000    210.000000    210.000000    210.000000    210.000000     210.000000     210.000000     210.000000     210.000000     210.000000     210.000000
mean       0.019830      0.021148     -0.010534     -0.109329      0.014605     -0.047809     -0.075309      0.053280      0.068181      0.115501      -0.130455      -0.171564       0.011380       0.011145       0.046034       0.091198
std        1.052022      0.918843      0.989486      0.938856      0.977319      1.096303      1.015468      0.977834      0.918954      1.049843       1.081899       1.030706       1.003145       1.014222       1.032205       1.038311
min       -3.647881     -2.245761     -2.737645     -2.667619     -2.279642     -2.947662     -2.673396     -2.273323     -2.224522     -2.969098      -2.647522      -3.045702      -3.135297      -2.659036      -3.257568      -3.921484
25%       -0.813833     -0.650954     -0.650140     -0.675030     -0.640381     -0.847192     -0.815158     -0.632425     -0.501394     -0.470498      -0.916400      -0.903729      -0.545497      -0.738689      -0.588630      -0.519244
50%        0.006158      0.141422     -0.034124     -0.124229      0.062928      0.006051     -0.077498      0.062989      0.000650      0.078586      -0.200402      -0.148360      -0.038597       0.014502      -0.056649       0.134449
75%        0.807529      0.636993      0.644934      0.519800      0.716777      0.645506      0.736758      0.616584      0.604038      0.785710       0.660168       0.552579       0.647647       0.689776       0.759224       0.779937
max        2.864327      2.424406      2.481308      2.992533      2.405895      3.556336      2.255638      3.215595      2.408721      2.677039       2.490176       2.682780       2.343706       2.426201       2.861102       3.545509

z_primitive (32次元):
       z_primitive_dim0  z_primitive_dim1  z_primitive_dim2  z_primitive_dim3  z_primitive_dim4  z_primitive_dim5  z_primitive_dim6  z_primitive_dim7  z_primitive_dim8  z_primitive_dim9  z_primitive_dim10  z_primitive_dim11  z_primitive_dim12  z_primitive_dim13  z_primitive_dim14  z_primitive_dim15  z_primitive_dim16  z_primitive_dim17  z_primitive_dim18  z_primitive_dim19  z_primitive_dim20  z_primitive_dim21  z_primitive_dim22  z_primitive_dim23  z_primitive_dim24  z_primitive_dim25  z_primitive_dim26  z_primitive_dim27  z_primitive_dim28  z_primitive_dim29  z_primitive_dim30  z_primitive_dim31
count        210.000000        210.000000        210.000000        210.000000        210.000000      2.100000e+02        210.000000        210.000000        210.000000        210.000000         210.000000         210.000000         210.000000         210.000000         210.000000         210.000000         210.000000         210.000000         210.000000         210.000000         210.000000         210.000000         210.000000         210.000000         210.000000         210.000000         210.000000         210.000000         210.000000         210.000000         210.000000         210.000000
mean           0.157684         -0.104351          0.110706          0.069181          0.082694     -9.650275e-07          0.123669          0.080108          0.020441         -0.067861           0.110097           0.048676           0.039922          -0.161650           0.037170          -0.051518          -0.019253          -0.171412           0.074599          -0.060955          -0.163536           0.020885          -0.068880           0.164223           0.037309           0.085559           0.042336           0.095723          -0.093472           0.093455          -0.041827           0.072759
std            0.565465          0.553154          0.627524          0.529629          0.551205      5.552505e-01          0.549507          0.597759          0.594738          0.616345           0.562997           0.528541           0.616883           0.510564           0.565652           0.550649           0.622041           0.618251           0.586887           0.580748           0.611314           0.571595           0.667909           0.532259           0.562287           0.583853           0.576315           0.615363           0.575631           0.608012           0.568068           0.585188
min           -1.240019         -1.651140         -1.596556         -1.413375         -1.564801     -1.278288e+00         -1.636003         -1.512848         -1.303111         -1.581745          -1.393379          -1.602645          -1.664626          -1.483876          -1.503077          -1.705313          -1.689312          -1.743944          -1.552620          -1.965223          -2.386526          -1.753856          -1.715515          -1.326578          -1.298641          -1.505756          -1.744508          -1.670125          -1.584312          -1.612469          -1.533809          -1.446588
25%           -0.231077         -0.486631         -0.316617         -0.278518         -0.297077     -4.494828e-01         -0.245371         -0.266049         -0.415565         -0.496350          -0.234230          -0.335802          -0.332239          -0.524143          -0.353526          -0.429326          -0.423398          -0.597910          -0.298632          -0.467187          -0.489180          -0.358931          -0.509220          -0.139445          -0.300096          -0.323189          -0.354057          -0.292868          -0.521594          -0.275374          -0.448128          -0.363705
50%            0.130299         -0.108978          0.116012          0.086570          0.070633     -1.445914e-02          0.162856          0.084847         -0.004804         -0.074690           0.094440           0.083017           0.032124          -0.166906           0.057988          -0.054284          -0.024280          -0.182507           0.081558          -0.057317          -0.151027           0.018511          -0.015688           0.157889           0.048465           0.110663          -0.000462           0.050575          -0.068121           0.093174          -0.055447           0.051411
75%            0.482864          0.249826          0.591413          0.418201          0.525417      3.852114e-01          0.495378          0.488118          0.410892          0.412473           0.505126           0.428384           0.473980           0.159860           0.439645           0.323591           0.335491           0.248048           0.432953           0.370069           0.216279           0.452837           0.346761           0.524942           0.417544           0.490698           0.431831           0.544308           0.259747           0.496607           0.377741           0.484662
max            2.006641          1.489676          1.763045          1.539156          1.475572      1.630203e+00          1.590874          1.678731          1.643343          1.559075           1.503788           1.569220           1.643978           1.171022           1.442921           1.592641           2.450980           1.684725           1.914764           1.661993           1.349925           1.592870           1.983754           1.587464           1.518163           1.823344           1.443700           1.658250           1.335881           1.625610           1.414528           1.621173

